rno top
1 54.4
2 54.4
3 54.4
4 54.4
5 54.4
6 54.4
7 54.4
8 54.4
9 54.3
10 54.3
11 54.3
12 54.3
13 54.3
14 54.3
15 54.3
16 54.3
17 54.3
18 54.3
19 54.3
20 54.3
21 54.3
22 54.3
23 54.3
24 54.3
25 54.3
26 54.3
27 54.3
28 54.3
29 54.3
30 54.3
31 54.2
32 54.2
33 54.2
34 54.2
35 54.2
36 54.2
37 54.2
38 54.2
39 54.2
40 54.2
41 54.2
42 54.2
43 54.2
44 54.2
45 54.2
46 54.2
47 54.2
48 54.2
49 54.2
50 54.2
51 54.2
52 54.2
53 54.2
54 54.2
55 54.2
56 54.2
57 54.2
58 54.2
59 54.2
60 54.2
61 54.2
62 54.2
63 54.2
64 54.2
65 54.1
66 54.1
67 54.1
68 54.1
69 54.1
70 54.1
71 54.1
72 54.0
73 54.0
74 54.0
75 54.0
76 54.0
