# DATASET 11A - GEOMETRY DATA
# IGEONUM IGEOTYPE IGCNDOP GMANNING NGEOPTS GWIDTH GBELEV GSSLOPE    LEAKANCE      GLK GCNDLN GETEXTD
    1	3	0	0.35	30	0.3 
0.0	64.57
0.21840329665794722	64.56
25.57123383761815	58.45
27.134428314956022	58.07
53.42406293005636	48.7
56.402065564930844	47.980000000000004
63.158876652556415	46.57
77.8524822978094	43.040000000000006
77.93488692455142	38.45
93.62570587172276	38.45
195.95684422805863	38.45
202.11112042603725	46.080000000000005
206.5575508180799	46.75000000000001
207.24052885501612	46.81
209.63137551386632	47.080000000000005
226.33285333795277	48.900000000000006
229.63756225812713	49.25000000000001
249.64390639445006	51.330000000000005
260.5609828810141	52.46
269.65993343431194	53.78
289.66943262931454	56.67
300.73218982956746	58.28
309.6760775388081	60.42
328.9997665647108	65.11000000000001
329.69234219150445	65.14
349.69910222898307	66.21000000000001
357.2799487797525	66.62
369.70590649839437	66.66
385.53155473927865	66.71000000000001
385.80358383449135	66.71000000000001
    2	3	0	0.35	30	0.3 
0.0	64.47
0.21840329665794722	64.46000000000001
25.57123383761815	58.35
27.134428314956022	57.97
53.42406293005636	48.6
56.402065564930844	47.88
63.158876652556415	46.47
77.8524822978094	42.940000000000005
77.93488692455142	38.35
93.62570587172276	38.35
195.95684422805863	38.35
202.11112042603725	45.980000000000004
206.5575508180799	46.650000000000006
207.24052885501612	46.71
209.63137551386632	46.980000000000004
226.33285333795277	48.800000000000004
229.63756225812713	49.150000000000006
249.64390639445006	51.230000000000004
260.5609828810141	52.36
269.65993343431194	53.68
289.66943262931454	56.57
300.73218982956746	58.18
309.6760775388081	60.32
328.9997665647108	65.01
329.69234219150445	65.03999999999999
349.69910222898307	66.11
357.2799487797525	66.52000000000001
369.70590649839437	66.56
385.53155473927865	66.61
385.80358383449135	66.61
    3	3	0	0.35	30	0.3 
0.0	64.38
0.21840329665794722	64.37
25.57123383761815	58.26
27.134428314956022	57.879999999999995
53.42406293005636	48.51
56.402065564930844	47.79
63.158876652556415	46.379999999999995
77.8524822978094	42.85
77.93488692455142	38.26
93.62570587172276	38.26
195.95684422805863	38.26
202.11112042603725	45.89
206.5575508180799	46.56
207.24052885501612	46.62
209.63137551386632	46.89
226.33285333795277	48.71
229.63756225812713	49.06
249.64390639445006	51.14
260.5609828810141	52.269999999999996
269.65993343431194	53.589999999999996
289.66943262931454	56.48
300.73218982956746	58.089999999999996
309.6760775388081	60.23
328.9997665647108	64.92
329.69234219150445	64.94999999999999
349.69910222898307	66.02
357.2799487797525	66.43
369.70590649839437	66.47
385.53155473927865	66.52
385.80358383449135	66.52
    4	3	0	0.35	30	0.3 
0.0	64.33
0.21840329665794722	64.32
25.57123383761815	58.21
27.134428314956022	57.83
53.42406293005636	48.46
56.402065564930844	47.74
63.158876652556415	46.33
77.8524822978094	42.800000000000004
77.93488692455142	38.21
93.62570587172276	38.21
195.95684422805863	38.21
202.11112042603725	45.84
206.5575508180799	46.510000000000005
207.24052885501612	46.57
209.63137551386632	46.84
226.33285333795277	48.660000000000004
229.63756225812713	49.010000000000005
249.64390639445006	51.09
260.5609828810141	52.22
269.65993343431194	53.54
289.66943262931454	56.43
300.73218982956746	58.04
309.6760775388081	60.18
328.9997665647108	64.87
329.69234219150445	64.9
349.69910222898307	65.97
357.2799487797525	66.38
369.70590649839437	66.42
385.53155473927865	66.47
385.80358383449135	66.47
    5	3	0	0.35	30	0.3 
0.0	64.22999999999999
0.21840329665794722	64.22
25.57123383761815	58.11
27.134428314956022	57.73
53.42406293005636	48.36
56.402065564930844	47.64
63.158876652556415	46.23
77.8524822978094	42.7
77.93488692455142	38.11
93.62570587172276	38.11
195.95684422805863	38.11
202.11112042603725	45.74
206.5575508180799	46.410000000000004
207.24052885501612	46.47
209.63137551386632	46.74
226.33285333795277	48.56
229.63756225812713	48.910000000000004
249.64390639445006	50.99
260.5609828810141	52.12
269.65993343431194	53.44
289.66943262931454	56.33
300.73218982956746	57.94
309.6760775388081	60.08
328.9997665647108	64.77000000000001
329.69234219150445	64.8
349.69910222898307	65.87
357.2799487797525	66.28
369.70590649839437	66.32
385.53155473927865	66.37
385.80358383449135	66.37
    6	3	0	0.35	30	0.3 
0.0	64.22999999999999
0.21840329665794722	64.22
25.57123383761815	58.11
27.134428314956022	57.73
53.42406293005636	48.36
56.402065564930844	47.64
63.158876652556415	46.23
77.8524822978094	42.7
77.93488692455142	38.11
93.62570587172276	38.11
195.95684422805863	38.11
202.11112042603725	45.74
206.5575508180799	46.410000000000004
207.24052885501612	46.47
209.63137551386632	46.74
226.33285333795277	48.56
229.63756225812713	48.910000000000004
249.64390639445006	50.99
260.5609828810141	52.12
269.65993343431194	53.44
289.66943262931454	56.33
300.73218982956746	57.94
309.6760775388081	60.08
328.9997665647108	64.77000000000001
329.69234219150445	64.8
349.69910222898307	65.87
357.2799487797525	66.28
369.70590649839437	66.32
385.53155473927865	66.37
385.80358383449135	66.37
    7	3	0	0.35	30	0.3 
0.0	64.09
0.21840329665794722	64.08
25.57123383761815	57.97
27.134428314956022	57.589999999999996
53.42406293005636	48.22
56.402065564930844	47.5
63.158876652556415	46.089999999999996
77.8524822978094	42.56
77.93488692455142	37.97
93.62570587172276	37.97
195.95684422805863	37.97
202.11112042603725	45.6
206.5575508180799	46.27
207.24052885501612	46.33
209.63137551386632	46.6
226.33285333795277	48.42
229.63756225812713	48.77
249.64390639445006	50.85
260.5609828810141	51.98
269.65993343431194	53.3
289.66943262931454	56.19
300.73218982956746	57.8
309.6760775388081	59.94
328.9997665647108	64.63
329.69234219150445	64.66
349.69910222898307	65.72999999999999
357.2799487797525	66.14
369.70590649839437	66.18
385.53155473927865	66.22999999999999
385.80358383449135	66.22999999999999
    8	3	0	0.35	30	0.3 
0.0	64.0
0.21840329665794722	63.99
25.57123383761815	57.88
27.134428314956022	57.5
53.42406293005636	48.13
56.402065564930844	47.410000000000004
63.158876652556415	46.0
77.8524822978094	42.470000000000006
77.93488692455142	37.88
93.62570587172276	37.88
195.95684422805863	37.88
202.11112042603725	45.510000000000005
206.5575508180799	46.18000000000001
207.24052885501612	46.24
209.63137551386632	46.510000000000005
226.33285333795277	48.330000000000005
229.63756225812713	48.68000000000001
249.64390639445006	50.760000000000005
260.5609828810141	51.89
269.65993343431194	53.21
289.66943262931454	56.1
300.73218982956746	57.71
309.6760775388081	59.85
328.9997665647108	64.54
329.69234219150445	64.57
349.69910222898307	65.64
357.2799487797525	66.05000000000001
369.70590649839437	66.09
385.53155473927865	66.14
385.80358383449135	66.14
    9	3	0	0.35	30	0.3 
0.0	64.0
0.21840329665794722	63.99
25.57123383761815	57.88
27.134428314956022	57.5
53.42406293005636	48.13
56.402065564930844	47.410000000000004
63.158876652556415	46.0
77.8524822978094	42.470000000000006
77.93488692455142	37.88
93.62570587172276	37.88
195.95684422805863	37.88
202.11112042603725	45.510000000000005
206.5575508180799	46.18000000000001
207.24052885501612	46.24
209.63137551386632	46.510000000000005
226.33285333795277	48.330000000000005
229.63756225812713	48.68000000000001
249.64390639445006	50.760000000000005
260.5609828810141	51.89
269.65993343431194	53.21
289.66943262931454	56.1
300.73218982956746	57.71
309.6760775388081	59.85
328.9997665647108	64.54
329.69234219150445	64.57
349.69910222898307	65.64
357.2799487797525	66.05000000000001
369.70590649839437	66.09
385.53155473927865	66.14
385.80358383449135	66.14
    10	3	0	0.35	30	0.3 
0.0	63.91
0.21840329665794722	63.9
25.57123383761815	57.79
27.134428314956022	57.41
53.42406293005636	48.04
56.402065564930844	47.32
63.158876652556415	45.91
77.8524822978094	42.38
77.93488692455142	37.79
93.62570587172276	37.79
195.95684422805863	37.79
202.11112042603725	45.42
206.5575508180799	46.09
207.24052885501612	46.15
209.63137551386632	46.42
226.33285333795277	48.24
229.63756225812713	48.59
249.64390639445006	50.67
260.5609828810141	51.8
269.65993343431194	53.12
289.66943262931454	56.01
300.73218982956746	57.62
309.6760775388081	59.76
328.9997665647108	64.45
329.69234219150445	64.47999999999999
349.69910222898307	65.55
357.2799487797525	65.96000000000001
369.70590649839437	66.0
385.53155473927865	66.05
385.80358383449135	66.05
    11	3	0	0.35	30	0.3 
0.0	63.809999999999995
0.21840329665794722	63.8
25.57123383761815	57.69
27.134428314956022	57.309999999999995
53.42406293005636	47.94
56.402065564930844	47.22
63.158876652556415	45.809999999999995
77.8524822978094	42.28
77.93488692455142	37.69
93.62570587172276	37.69
195.95684422805863	37.69
202.11112042603725	45.32
206.5575508180799	45.99
207.24052885501612	46.05
209.63137551386632	46.32
226.33285333795277	48.14
229.63756225812713	48.49
249.64390639445006	50.57
260.5609828810141	51.699999999999996
269.65993343431194	53.019999999999996
289.66943262931454	55.91
300.73218982956746	57.519999999999996
309.6760775388081	59.66
328.9997665647108	64.35
329.69234219150445	64.38
349.69910222898307	65.44999999999999
357.2799487797525	65.86
369.70590649839437	65.9
385.53155473927865	65.94999999999999
385.80358383449135	65.94999999999999
    12	3	0	0.35	30	0.3 
0.0	63.72
0.21840329665794722	63.71
25.57123383761815	57.6
27.134428314956022	57.22
53.42406293005636	47.85
56.402065564930844	47.13
63.158876652556415	45.72
77.8524822978094	42.190000000000005
77.93488692455142	37.6
93.62570587172276	37.6
195.95684422805863	37.6
202.11112042603725	45.230000000000004
206.5575508180799	45.900000000000006
207.24052885501612	45.96
209.63137551386632	46.230000000000004
226.33285333795277	48.050000000000004
229.63756225812713	48.400000000000006
249.64390639445006	50.480000000000004
260.5609828810141	51.61
269.65993343431194	52.93
289.66943262931454	55.82
300.73218982956746	57.43
309.6760775388081	59.57
328.9997665647108	64.26
329.69234219150445	64.28999999999999
349.69910222898307	65.36
357.2799487797525	65.77000000000001
369.70590649839437	65.81
385.53155473927865	65.86
385.80358383449135	65.86
    13	3	0	0.35	30	0.3 
0.0	63.669999999999995
0.21840329665794722	63.66
25.57123383761815	57.55
27.134428314956022	57.169999999999995
53.42406293005636	47.8
56.402065564930844	47.08
63.158876652556415	45.669999999999995
77.8524822978094	42.14
77.93488692455142	37.55
93.62570587172276	37.55
195.95684422805863	37.55
202.11112042603725	45.18
206.5575508180799	45.85
207.24052885501612	45.91
209.63137551386632	46.18
226.33285333795277	48.0
229.63756225812713	48.35
249.64390639445006	50.43
260.5609828810141	51.559999999999995
269.65993343431194	52.879999999999995
289.66943262931454	55.769999999999996
300.73218982956746	57.379999999999995
309.6760775388081	59.519999999999996
328.9997665647108	64.21000000000001
329.69234219150445	64.24
349.69910222898307	65.31
357.2799487797525	65.72
369.70590649839437	65.75999999999999
385.53155473927865	65.81
385.80358383449135	65.81
    14	3	0	0.35	30	0.3 
0.0	63.62
0.21840329665794722	63.61
25.57123383761815	57.5
27.134428314956022	57.12
53.42406293005636	47.75
56.402065564930844	47.03
63.158876652556415	45.62
77.8524822978094	42.09
77.93488692455142	37.5
93.62570587172276	37.5
195.95684422805863	37.5
202.11112042603725	45.13
206.5575508180799	45.800000000000004
207.24052885501612	45.86
209.63137551386632	46.13
226.33285333795277	47.95
229.63756225812713	48.300000000000004
249.64390639445006	50.38
260.5609828810141	51.51
269.65993343431194	52.83
289.66943262931454	55.72
300.73218982956746	57.33
309.6760775388081	59.47
328.9997665647108	64.16
329.69234219150445	64.19
349.69910222898307	65.25999999999999
357.2799487797525	65.67
369.70590649839437	65.71000000000001
385.53155473927865	65.75999999999999
385.80358383449135	65.75999999999999
    15	3	0	0.35	30	0.3 
0.0	63.519999999999996
0.21840329665794722	63.51
25.57123383761815	57.4
27.134428314956022	57.019999999999996
53.42406293005636	47.65
56.402065564930844	46.93
63.158876652556415	45.519999999999996
77.8524822978094	41.99
77.93488692455142	37.4
93.62570587172276	37.4
195.95684422805863	37.4
202.11112042603725	45.03
206.5575508180799	45.7
207.24052885501612	45.76
209.63137551386632	46.03
226.33285333795277	47.85
229.63756225812713	48.2
249.64390639445006	50.28
260.5609828810141	51.41
269.65993343431194	52.73
289.66943262931454	55.62
300.73218982956746	57.23
309.6760775388081	59.37
328.9997665647108	64.06
329.69234219150445	64.09
349.69910222898307	65.16
357.2799487797525	65.57
369.70590649839437	65.61
385.53155473927865	65.66
385.80358383449135	65.66
    16	3	0	0.35	30	0.3 
0.0	63.47
0.21840329665794722	63.46
25.57123383761815	57.35
27.134428314956022	56.97
53.42406293005636	47.6
56.402065564930844	46.88
63.158876652556415	45.47
77.8524822978094	41.940000000000005
77.93488692455142	37.35
93.62570587172276	37.35
195.95684422805863	37.35
202.11112042603725	44.980000000000004
206.5575508180799	45.650000000000006
207.24052885501612	45.71
209.63137551386632	45.980000000000004
226.33285333795277	47.800000000000004
229.63756225812713	48.150000000000006
249.64390639445006	50.230000000000004
260.5609828810141	51.36
269.65993343431194	52.68
289.66943262931454	55.57
300.73218982956746	57.18
309.6760775388081	59.32
328.9997665647108	64.01
329.69234219150445	64.03999999999999
349.69910222898307	65.11
357.2799487797525	65.52000000000001
369.70590649839437	65.56
385.53155473927865	65.61
385.80358383449135	65.61
    17	3	0	0.35	30	0.3 
0.0	63.379999999999995
0.21840329665794722	63.37
25.57123383761815	57.26
27.134428314956022	56.879999999999995
53.42406293005636	47.51
56.402065564930844	46.79
63.158876652556415	45.379999999999995
77.8524822978094	41.85
77.93488692455142	37.26
93.62570587172276	37.26
195.95684422805863	37.26
202.11112042603725	44.89
206.5575508180799	45.56
207.24052885501612	45.62
209.63137551386632	45.89
226.33285333795277	47.71
229.63756225812713	48.06
249.64390639445006	50.14
260.5609828810141	51.269999999999996
269.65993343431194	52.589999999999996
289.66943262931454	55.48
300.73218982956746	57.089999999999996
309.6760775388081	59.23
328.9997665647108	63.92
329.69234219150445	63.949999999999996
349.69910222898307	65.02
357.2799487797525	65.43
369.70590649839437	65.47
385.53155473927865	65.52
385.80358383449135	65.52
    18	3	0	0.35	30	0.3 
0.0	63.33
0.21840329665794722	63.32
25.57123383761815	57.21
27.134428314956022	56.83
53.42406293005636	47.46
56.402065564930844	46.74
63.158876652556415	45.33
77.8524822978094	41.800000000000004
77.93488692455142	37.21
93.62570587172276	37.21
195.95684422805863	37.21
202.11112042603725	44.84
206.5575508180799	45.510000000000005
207.24052885501612	45.57
209.63137551386632	45.84
226.33285333795277	47.660000000000004
229.63756225812713	48.010000000000005
249.64390639445006	50.09
260.5609828810141	51.22
269.65993343431194	52.54
289.66943262931454	55.43
300.73218982956746	57.04
309.6760775388081	59.18
328.9997665647108	63.870000000000005
329.69234219150445	63.9
349.69910222898307	64.97
357.2799487797525	65.38
369.70590649839437	65.42
385.53155473927865	65.47
385.80358383449135	65.47
    19	3	0	0.35	30	0.3 
0.0	63.33
0.21840329665794722	63.32
25.57123383761815	57.21
27.134428314956022	56.83
53.42406293005636	47.46
56.402065564930844	46.74
63.158876652556415	45.33
77.8524822978094	41.800000000000004
77.93488692455142	37.21
93.62570587172276	37.21
195.95684422805863	37.21
202.11112042603725	44.84
206.5575508180799	45.510000000000005
207.24052885501612	45.57
209.63137551386632	45.84
226.33285333795277	47.660000000000004
229.63756225812713	48.010000000000005
249.64390639445006	50.09
260.5609828810141	51.22
269.65993343431194	52.54
289.66943262931454	55.43
300.73218982956746	57.04
309.6760775388081	59.18
328.9997665647108	63.870000000000005
329.69234219150445	63.9
349.69910222898307	64.97
357.2799487797525	65.38
369.70590649839437	65.42
385.53155473927865	65.47
385.80358383449135	65.47
    20	3	0	0.35	30	0.3 
0.0	63.33
0.21840329665794722	63.32
25.57123383761815	57.21
27.134428314956022	56.83
53.42406293005636	47.46
56.402065564930844	46.74
63.158876652556415	45.33
77.8524822978094	41.800000000000004
77.93488692455142	37.21
93.62570587172276	37.21
195.95684422805863	37.21
202.11112042603725	44.84
206.5575508180799	45.510000000000005
207.24052885501612	45.57
209.63137551386632	45.84
226.33285333795277	47.660000000000004
229.63756225812713	48.010000000000005
249.64390639445006	50.09
260.5609828810141	51.22
269.65993343431194	52.54
289.66943262931454	55.43
300.73218982956746	57.04
309.6760775388081	59.18
328.9997665647108	63.870000000000005
329.69234219150445	63.9
349.69910222898307	64.97
357.2799487797525	65.38
369.70590649839437	65.42
385.53155473927865	65.47
385.80358383449135	65.47
    21	3	0	0.35	30	0.3 
0.0	63.32
0.21840329665794722	63.31
25.57123383761815	57.2
27.134428314956022	56.82
53.42406293005636	47.45
56.402065564930844	46.730000000000004
63.158876652556415	45.32
77.8524822978094	41.790000000000006
77.93488692455142	37.2
93.62570587172276	37.2
195.95684422805863	37.2
202.11112042603725	44.830000000000005
206.5575508180799	45.50000000000001
207.24052885501612	45.56
209.63137551386632	45.830000000000005
226.33285333795277	47.650000000000006
229.63756225812713	48.00000000000001
249.64390639445006	50.080000000000005
260.5609828810141	51.21
269.65993343431194	52.53
289.66943262931454	55.42
300.73218982956746	57.03
309.6760775388081	59.17
328.9997665647108	63.86000000000001
329.69234219150445	63.89
349.69910222898307	64.96000000000001
357.2799487797525	65.37
369.70590649839437	65.41
385.53155473927865	65.46000000000001
385.80358383449135	65.46000000000001
    22	3	0	0.35	30	0.3 
0.0	63.32
0.21840329665794722	63.31
25.57123383761815	57.2
27.134428314956022	56.82
53.42406293005636	47.45
56.402065564930844	46.730000000000004
63.158876652556415	45.32
77.8524822978094	41.790000000000006
77.93488692455142	37.2
93.62570587172276	37.2
195.95684422805863	37.2
202.11112042603725	44.830000000000005
206.5575508180799	45.50000000000001
207.24052885501612	45.56
209.63137551386632	45.830000000000005
226.33285333795277	47.650000000000006
229.63756225812713	48.00000000000001
249.64390639445006	50.080000000000005
260.5609828810141	51.21
269.65993343431194	52.53
289.66943262931454	55.42
300.73218982956746	57.03
309.6760775388081	59.17
328.9997665647108	63.86000000000001
329.69234219150445	63.89
349.69910222898307	64.96000000000001
357.2799487797525	65.37
369.70590649839437	65.41
385.53155473927865	65.46000000000001
385.80358383449135	65.46000000000001
    23	3	0	0.35	30	0.3 
0.0	63.32
0.21840329665794722	63.31
25.57123383761815	57.2
27.134428314956022	56.82
53.42406293005636	47.45
56.402065564930844	46.730000000000004
63.158876652556415	45.32
77.8524822978094	41.790000000000006
77.93488692455142	37.2
93.62570587172276	37.2
195.95684422805863	37.2
202.11112042603725	44.830000000000005
206.5575508180799	45.50000000000001
207.24052885501612	45.56
209.63137551386632	45.830000000000005
226.33285333795277	47.650000000000006
229.63756225812713	48.00000000000001
249.64390639445006	50.080000000000005
260.5609828810141	51.21
269.65993343431194	52.53
289.66943262931454	55.42
300.73218982956746	57.03
309.6760775388081	59.17
328.9997665647108	63.86000000000001
329.69234219150445	63.89
349.69910222898307	64.96000000000001
357.2799487797525	65.37
369.70590649839437	65.41
385.53155473927865	65.46000000000001
385.80358383449135	65.46000000000001
    24	3	0	0.35	30	0.3 
0.0	63.309999999999995
0.21840329665794722	63.3
25.57123383761815	57.19
27.134428314956022	56.809999999999995
53.42406293005636	47.44
56.402065564930844	46.72
63.158876652556415	45.309999999999995
77.8524822978094	41.78
77.93488692455142	37.19
93.62570587172276	37.19
195.95684422805863	37.19
202.11112042603725	44.82
206.5575508180799	45.49
207.24052885501612	45.55
209.63137551386632	45.82
226.33285333795277	47.64
229.63756225812713	47.99
249.64390639445006	50.07
260.5609828810141	51.199999999999996
269.65993343431194	52.519999999999996
289.66943262931454	55.41
300.73218982956746	57.019999999999996
309.6760775388081	59.16
328.9997665647108	63.85
329.69234219150445	63.879999999999995
349.69910222898307	64.94999999999999
357.2799487797525	65.36
369.70590649839437	65.4
385.53155473927865	65.44999999999999
385.80358383449135	65.44999999999999
    25	3	0	0.35	30	0.3 
0.0	63.309999999999995
0.21840329665794722	63.3
25.57123383761815	57.19
27.134428314956022	56.809999999999995
53.42406293005636	47.44
56.402065564930844	46.72
63.158876652556415	45.309999999999995
77.8524822978094	41.78
77.93488692455142	37.19
93.62570587172276	37.19
195.95684422805863	37.19
202.11112042603725	44.82
206.5575508180799	45.49
207.24052885501612	45.55
209.63137551386632	45.82
226.33285333795277	47.64
229.63756225812713	47.99
249.64390639445006	50.07
260.5609828810141	51.199999999999996
269.65993343431194	52.519999999999996
289.66943262931454	55.41
300.73218982956746	57.019999999999996
309.6760775388081	59.16
328.9997665647108	63.85
329.69234219150445	63.879999999999995
349.69910222898307	64.94999999999999
357.2799487797525	65.36
369.70590649839437	65.4
385.53155473927865	65.44999999999999
385.80358383449135	65.44999999999999
    26	3	0	0.35	30	0.3 
0.0	63.309999999999995
0.21840329665794722	63.3
25.57123383761815	57.19
27.134428314956022	56.809999999999995
53.42406293005636	47.44
56.402065564930844	46.72
63.158876652556415	45.309999999999995
77.8524822978094	41.78
77.93488692455142	37.19
93.62570587172276	37.19
195.95684422805863	37.19
202.11112042603725	44.82
206.5575508180799	45.49
207.24052885501612	45.55
209.63137551386632	45.82
226.33285333795277	47.64
229.63756225812713	47.99
249.64390639445006	50.07
260.5609828810141	51.199999999999996
269.65993343431194	52.519999999999996
289.66943262931454	55.41
300.73218982956746	57.019999999999996
309.6760775388081	59.16
328.9997665647108	63.85
329.69234219150445	63.879999999999995
349.69910222898307	64.94999999999999
357.2799487797525	65.36
369.70590649839437	65.4
385.53155473927865	65.44999999999999
385.80358383449135	65.44999999999999
    27	3	0	0.35	30	0.3 
0.0	63.169999999999995
0.21840329665794722	63.16
25.57123383761815	57.05
27.134428314956022	56.669999999999995
53.42406293005636	47.3
56.402065564930844	46.58
63.158876652556415	45.169999999999995
77.8524822978094	41.64
77.93488692455142	37.05
93.62570587172276	37.05
195.95684422805863	37.05
202.11112042603725	44.68
206.5575508180799	45.35
207.24052885501612	45.41
209.63137551386632	45.68
226.33285333795277	47.5
229.63756225812713	47.85
249.64390639445006	49.93
260.5609828810141	51.059999999999995
269.65993343431194	52.379999999999995
289.66943262931454	55.269999999999996
300.73218982956746	56.879999999999995
309.6760775388081	59.019999999999996
328.9997665647108	63.71
329.69234219150445	63.739999999999995
349.69910222898307	64.81
357.2799487797525	65.22
369.70590649839437	65.25999999999999
385.53155473927865	65.31
385.80358383449135	65.31
    28	3	0	0.35	30	0.3 
0.0	63.169999999999995
0.21840329665794722	63.16
25.57123383761815	57.05
27.134428314956022	56.669999999999995
53.42406293005636	47.3
56.402065564930844	46.58
63.158876652556415	45.169999999999995
77.8524822978094	41.64
77.93488692455142	37.05
93.62570587172276	37.05
195.95684422805863	37.05
202.11112042603725	44.68
206.5575508180799	45.35
207.24052885501612	45.41
209.63137551386632	45.68
226.33285333795277	47.5
229.63756225812713	47.85
249.64390639445006	49.93
260.5609828810141	51.059999999999995
269.65993343431194	52.379999999999995
289.66943262931454	55.269999999999996
300.73218982956746	56.879999999999995
309.6760775388081	59.019999999999996
328.9997665647108	63.71
329.69234219150445	63.739999999999995
349.69910222898307	64.81
357.2799487797525	65.22
369.70590649839437	65.25999999999999
385.53155473927865	65.31
385.80358383449135	65.31
    29	3	0	0.35	30	0.3 
0.0	63.019999999999996
0.21840329665794722	63.01
25.57123383761815	56.9
27.134428314956022	56.519999999999996
53.42406293005636	47.15
56.402065564930844	46.43
63.158876652556415	45.019999999999996
77.8524822978094	41.49
77.93488692455142	36.9
93.62570587172276	36.9
195.95684422805863	36.9
202.11112042603725	44.53
206.5575508180799	45.2
207.24052885501612	45.26
209.63137551386632	45.53
226.33285333795277	47.35
229.63756225812713	47.7
249.64390639445006	49.78
260.5609828810141	50.91
269.65993343431194	52.23
289.66943262931454	55.12
300.73218982956746	56.73
309.6760775388081	58.87
328.9997665647108	63.56
329.69234219150445	63.589999999999996
349.69910222898307	64.66
357.2799487797525	65.07
369.70590649839437	65.11
385.53155473927865	65.16
385.80358383449135	65.16
    30	3	0	0.35	30	0.3 
0.0	62.93
0.21840329665794722	62.92
25.57123383761815	56.81
27.134428314956022	56.43
53.42406293005636	47.06
56.402065564930844	46.34
63.158876652556415	44.93
77.8524822978094	41.400000000000006
77.93488692455142	36.81
93.62570587172276	36.81
195.95684422805863	36.81
202.11112042603725	44.440000000000005
206.5575508180799	45.11000000000001
207.24052885501612	45.17
209.63137551386632	45.440000000000005
226.33285333795277	47.260000000000005
229.63756225812713	47.61000000000001
249.64390639445006	49.690000000000005
260.5609828810141	50.82
269.65993343431194	52.14
289.66943262931454	55.03
300.73218982956746	56.64
309.6760775388081	58.78
328.9997665647108	63.470000000000006
329.69234219150445	63.5
349.69910222898307	64.57
357.2799487797525	64.98
369.70590649839437	65.02000000000001
385.53155473927865	65.07
385.80358383449135	65.07
    31	3	0	0.35	30	0.3 
0.0	62.93
0.21840329665794722	62.92
25.57123383761815	56.81
27.134428314956022	56.43
53.42406293005636	47.06
56.402065564930844	46.34
63.158876652556415	44.93
77.8524822978094	41.400000000000006
77.93488692455142	36.81
93.62570587172276	36.81
195.95684422805863	36.81
202.11112042603725	44.440000000000005
206.5575508180799	45.11000000000001
207.24052885501612	45.17
209.63137551386632	45.440000000000005
226.33285333795277	47.260000000000005
229.63756225812713	47.61000000000001
249.64390639445006	49.690000000000005
260.5609828810141	50.82
269.65993343431194	52.14
289.66943262931454	55.03
300.73218982956746	56.64
309.6760775388081	58.78
328.9997665647108	63.470000000000006
329.69234219150445	63.5
349.69910222898307	64.57
357.2799487797525	64.98
369.70590649839437	65.02000000000001
385.53155473927865	65.07
385.80358383449135	65.07
    32	3	0	0.35	30	0.3 
0.0	62.839999999999996
0.21840329665794722	62.83
25.57123383761815	56.72
27.134428314956022	56.339999999999996
53.42406293005636	46.97
56.402065564930844	46.25
63.158876652556415	44.839999999999996
77.8524822978094	41.31
77.93488692455142	36.72
93.62570587172276	36.72
195.95684422805863	36.72
202.11112042603725	44.35
206.5575508180799	45.02
207.24052885501612	45.08
209.63137551386632	45.35
226.33285333795277	47.17
229.63756225812713	47.52
249.64390639445006	49.6
260.5609828810141	50.73
269.65993343431194	52.05
289.66943262931454	54.94
300.73218982956746	56.55
309.6760775388081	58.69
328.9997665647108	63.38
329.69234219150445	63.41
349.69910222898307	64.47999999999999
357.2799487797525	64.89
369.70590649839437	64.93
385.53155473927865	64.97999999999999
385.80358383449135	64.97999999999999
    33	3	0	0.35	30	0.3 
0.0	62.739999999999995
0.21840329665794722	62.73
25.57123383761815	56.62
27.134428314956022	56.239999999999995
53.42406293005636	46.87
56.402065564930844	46.15
63.158876652556415	44.739999999999995
77.8524822978094	41.21
77.93488692455142	36.62
93.62570587172276	36.62
195.95684422805863	36.62
202.11112042603725	44.25
206.5575508180799	44.92
207.24052885501612	44.98
209.63137551386632	45.25
226.33285333795277	47.07
229.63756225812713	47.42
249.64390639445006	49.5
260.5609828810141	50.629999999999995
269.65993343431194	51.949999999999996
289.66943262931454	54.839999999999996
300.73218982956746	56.449999999999996
309.6760775388081	58.589999999999996
328.9997665647108	63.28
329.69234219150445	63.309999999999995
349.69910222898307	64.38
357.2799487797525	64.78999999999999
369.70590649839437	64.83
385.53155473927865	64.88
385.80358383449135	64.88
    34	3	0	0.35	30	0.3 
0.0	62.21
0.21840329665794722	62.2
25.57123383761815	56.09
27.134428314956022	55.71
53.42406293005636	46.34
56.402065564930844	45.620000000000005
63.158876652556415	44.21
77.8524822978094	40.68000000000001
77.93488692455142	36.09
93.62570587172276	36.09
195.95684422805863	36.09
202.11112042603725	43.720000000000006
206.5575508180799	44.39000000000001
207.24052885501612	44.45
209.63137551386632	44.720000000000006
226.33285333795277	46.540000000000006
229.63756225812713	46.89000000000001
249.64390639445006	48.970000000000006
260.5609828810141	50.1
269.65993343431194	51.42
289.66943262931454	54.31
300.73218982956746	55.92
309.6760775388081	58.06
328.9997665647108	62.75000000000001
329.69234219150445	62.78
349.69910222898307	63.85
357.2799487797525	64.26
369.70590649839437	64.30000000000001
385.53155473927865	64.35
385.80358383449135	64.35
    35	3	0	0.35	30	0.3 
0.0	61.68
0.21840329665794722	61.67
25.57123383761815	55.56
27.134428314956022	55.18
53.42406293005636	45.81
56.402065564930844	45.09
63.158876652556415	43.68
77.8524822978094	40.150000000000006
77.93488692455142	35.56
93.62570587172276	35.56
195.95684422805863	35.56
202.11112042603725	43.190000000000005
206.5575508180799	43.86000000000001
207.24052885501612	43.92
209.63137551386632	44.190000000000005
226.33285333795277	46.010000000000005
229.63756225812713	46.36000000000001
249.64390639445006	48.440000000000005
260.5609828810141	49.57
269.65993343431194	50.89
289.66943262931454	53.78
300.73218982956746	55.39
309.6760775388081	57.53
328.9997665647108	62.220000000000006
329.69234219150445	62.25
349.69910222898307	63.32
357.2799487797525	63.730000000000004
369.70590649839437	63.77
385.53155473927865	63.82
385.80358383449135	63.82
    36	3	0	0.35	30	0.3 
0.0	61.419999999999995
0.21840329665794722	61.41
25.57123383761815	55.3
27.134428314956022	54.919999999999995
53.42406293005636	45.55
56.402065564930844	44.83
63.158876652556415	43.419999999999995
77.8524822978094	39.89
77.93488692455142	35.3
93.62570587172276	35.3
195.95684422805863	35.3
202.11112042603725	42.93
206.5575508180799	43.6
207.24052885501612	43.66
209.63137551386632	43.93
226.33285333795277	45.75
229.63756225812713	46.1
249.64390639445006	48.18
260.5609828810141	49.309999999999995
269.65993343431194	50.629999999999995
289.66943262931454	53.519999999999996
300.73218982956746	55.129999999999995
309.6760775388081	57.269999999999996
328.9997665647108	61.96
329.69234219150445	61.989999999999995
349.69910222898307	63.059999999999995
357.2799487797525	63.47
369.70590649839437	63.51
385.53155473927865	63.559999999999995
385.80358383449135	63.559999999999995
    37	3	0	0.35	30	0.3 
0.0	60.89
0.21840329665794722	60.88
25.57123383761815	54.77
27.134428314956022	54.39
53.42406293005636	45.02
56.402065564930844	44.300000000000004
63.158876652556415	42.89
77.8524822978094	39.36000000000001
77.93488692455142	34.77
93.62570587172276	34.77
195.95684422805863	34.77
202.11112042603725	42.400000000000006
206.5575508180799	43.07000000000001
207.24052885501612	43.13
209.63137551386632	43.400000000000006
226.33285333795277	45.220000000000006
229.63756225812713	45.57000000000001
249.64390639445006	47.650000000000006
260.5609828810141	48.78
269.65993343431194	50.1
289.66943262931454	52.99
300.73218982956746	54.6
309.6760775388081	56.74
328.9997665647108	61.43000000000001
329.69234219150445	61.46
349.69910222898307	62.53
357.2799487797525	62.940000000000005
369.70590649839437	62.980000000000004
385.53155473927865	63.03
385.80358383449135	63.03
    38	3	0	0.35	30	0.3 
0.0	60.36
0.21840329665794722	60.35
25.57123383761815	54.24
27.134428314956022	53.86
53.42406293005636	44.49
56.402065564930844	43.77
63.158876652556415	42.36
77.8524822978094	38.830000000000005
77.93488692455142	34.24
93.62570587172276	34.24
195.95684422805863	34.24
202.11112042603725	41.870000000000005
206.5575508180799	42.540000000000006
207.24052885501612	42.6
209.63137551386632	42.870000000000005
226.33285333795277	44.690000000000005
229.63756225812713	45.040000000000006
249.64390639445006	47.120000000000005
260.5609828810141	48.25
269.65993343431194	49.57
289.66943262931454	52.46
300.73218982956746	54.07
309.6760775388081	56.21
328.9997665647108	60.900000000000006
329.69234219150445	60.93
349.69910222898307	62.0
357.2799487797525	62.410000000000004
369.70590649839437	62.45
385.53155473927865	62.5
385.80358383449135	62.5
    39	3	0	0.35	30	0.3 
0.0	60.099999999999994
0.21840329665794722	60.089999999999996
25.57123383761815	53.98
27.134428314956022	53.599999999999994
53.42406293005636	44.23
56.402065564930844	43.51
63.158876652556415	42.099999999999994
77.8524822978094	38.57
77.93488692455142	33.98
93.62570587172276	33.98
195.95684422805863	33.98
202.11112042603725	41.61
206.5575508180799	42.28
207.24052885501612	42.339999999999996
209.63137551386632	42.61
226.33285333795277	44.43
229.63756225812713	44.78
249.64390639445006	46.86
260.5609828810141	47.989999999999995
269.65993343431194	49.309999999999995
289.66943262931454	52.199999999999996
300.73218982956746	53.809999999999995
309.6760775388081	55.949999999999996
328.9997665647108	60.64
329.69234219150445	60.669999999999995
349.69910222898307	61.739999999999995
357.2799487797525	62.15
369.70590649839437	62.19
385.53155473927865	62.239999999999995
385.80358383449135	62.239999999999995
    40	3	0	0.35	30	0.3 
0.0	59.57
0.21840329665794722	59.56
25.57123383761815	53.45
27.134428314956022	53.07
53.42406293005636	43.7
56.402065564930844	42.980000000000004
63.158876652556415	41.57
77.8524822978094	38.040000000000006
77.93488692455142	33.45
93.62570587172276	33.45
195.95684422805863	33.45
202.11112042603725	41.080000000000005
206.5575508180799	41.75000000000001
207.24052885501612	41.81
209.63137551386632	42.080000000000005
226.33285333795277	43.900000000000006
229.63756225812713	44.25000000000001
249.64390639445006	46.330000000000005
260.5609828810141	47.46
269.65993343431194	48.78
289.66943262931454	51.67
300.73218982956746	53.28
309.6760775388081	55.42
328.9997665647108	60.11000000000001
329.69234219150445	60.14
349.69910222898307	61.21
357.2799487797525	61.620000000000005
369.70590649839437	61.660000000000004
385.53155473927865	61.71
385.80358383449135	61.71
    41	3	0	0.35	30	0.3 
0.0	59.309999999999995
0.21840329665794722	59.3
25.57123383761815	53.19
27.134428314956022	52.809999999999995
53.42406293005636	43.44
56.402065564930844	42.72
63.158876652556415	41.309999999999995
77.8524822978094	37.78
77.93488692455142	33.19
93.62570587172276	33.19
195.95684422805863	33.19
202.11112042603725	40.82
206.5575508180799	41.49
207.24052885501612	41.55
209.63137551386632	41.82
226.33285333795277	43.64
229.63756225812713	43.99
249.64390639445006	46.07
260.5609828810141	47.199999999999996
269.65993343431194	48.519999999999996
289.66943262931454	51.41
300.73218982956746	53.019999999999996
309.6760775388081	55.16
328.9997665647108	59.85
329.69234219150445	59.879999999999995
349.69910222898307	60.949999999999996
357.2799487797525	61.36
369.70590649839437	61.4
385.53155473927865	61.449999999999996
385.80358383449135	61.449999999999996
    42	3	0	0.35	30	0.3 
0.0	59.04
0.21840329665794722	59.03
25.57123383761815	52.92
27.134428314956022	52.54
53.42406293005636	43.17
56.402065564930844	42.45
63.158876652556415	41.04
77.8524822978094	37.510000000000005
77.93488692455142	32.92
93.62570587172276	32.92
195.95684422805863	32.92
202.11112042603725	40.550000000000004
206.5575508180799	41.220000000000006
207.24052885501612	41.28
209.63137551386632	41.550000000000004
226.33285333795277	43.370000000000005
229.63756225812713	43.720000000000006
249.64390639445006	45.800000000000004
260.5609828810141	46.93
269.65993343431194	48.25
289.66943262931454	51.14
300.73218982956746	52.75
309.6760775388081	54.89
328.9997665647108	59.580000000000005
329.69234219150445	59.61
349.69910222898307	60.68
357.2799487797525	61.09
369.70590649839437	61.13
385.53155473927865	61.18
385.80358383449135	61.18
    43	3	0	0.35	30	0.3 
0.0	58.949999999999996
0.21840329665794722	58.94
25.57123383761815	52.83
27.134428314956022	52.449999999999996
53.42406293005636	43.08
56.402065564930844	42.36
63.158876652556415	40.949999999999996
77.8524822978094	37.42
77.93488692455142	32.83
93.62570587172276	32.83
195.95684422805863	32.83
202.11112042603725	40.46
206.5575508180799	41.13
207.24052885501612	41.19
209.63137551386632	41.46
226.33285333795277	43.28
229.63756225812713	43.63
249.64390639445006	45.71
260.5609828810141	46.839999999999996
269.65993343431194	48.16
289.66943262931454	51.05
300.73218982956746	52.66
309.6760775388081	54.8
328.9997665647108	59.49
329.69234219150445	59.519999999999996
349.69910222898307	60.589999999999996
357.2799487797525	61.0
369.70590649839437	61.04
385.53155473927865	61.089999999999996
385.80358383449135	61.089999999999996
    44	3	0	0.35	30	0.3 
0.0	59.12
0.21840329665794722	59.11
25.57123383761815	53.0
27.134428314956022	52.62
53.42406293005636	43.25
56.402065564930844	42.53
63.158876652556415	41.12
77.8524822978094	37.59
77.93488692455142	33.0
93.62570587172276	33.0
195.95684422805863	33.0
202.11112042603725	40.63
206.5575508180799	41.300000000000004
207.24052885501612	41.36
209.63137551386632	41.63
226.33285333795277	43.45
229.63756225812713	43.800000000000004
249.64390639445006	45.88
260.5609828810141	47.01
269.65993343431194	48.33
289.66943262931454	51.22
300.73218982956746	52.83
309.6760775388081	54.97
328.9997665647108	59.660000000000004
329.69234219150445	59.69
349.69910222898307	60.76
357.2799487797525	61.17
369.70590649839437	61.21
385.53155473927865	61.26
385.80358383449135	61.26
    45	3	0	0.35	30	0.3 
0.0	59.46
0.21840329665794722	59.45
25.57123383761815	53.34
27.134428314956022	52.96
53.42406293005636	43.59
56.402065564930844	42.870000000000005
63.158876652556415	41.46
77.8524822978094	37.93000000000001
77.93488692455142	33.34
93.62570587172276	33.34
195.95684422805863	33.34
202.11112042603725	40.970000000000006
206.5575508180799	41.64000000000001
207.24052885501612	41.7
209.63137551386632	41.970000000000006
226.33285333795277	43.790000000000006
229.63756225812713	44.14000000000001
249.64390639445006	46.220000000000006
260.5609828810141	47.35
269.65993343431194	48.67
289.66943262931454	51.56
300.73218982956746	53.17
309.6760775388081	55.31
328.9997665647108	60.00000000000001
329.69234219150445	60.03
349.69910222898307	61.1
357.2799487797525	61.510000000000005
369.70590649839437	61.550000000000004
385.53155473927865	61.6
385.80358383449135	61.6
    46	3	0	0.35	30	0.3 
0.0	59.8
0.21840329665794722	59.79
25.57123383761815	53.68
27.134428314956022	53.3
53.42406293005636	43.93
56.402065564930844	43.21
63.158876652556415	41.8
77.8524822978094	38.27
77.93488692455142	33.68
93.62570587172276	33.68
195.95684422805863	33.68
202.11112042603725	41.31
206.5575508180799	41.980000000000004
207.24052885501612	42.04
209.63137551386632	42.31
226.33285333795277	44.13
229.63756225812713	44.480000000000004
249.64390639445006	46.56
260.5609828810141	47.69
269.65993343431194	49.01
289.66943262931454	51.9
300.73218982956746	53.51
309.6760775388081	55.65
328.9997665647108	60.34
329.69234219150445	60.37
349.69910222898307	61.44
357.2799487797525	61.85
369.70590649839437	61.89
385.53155473927865	61.94
385.80358383449135	61.94
    47	3	0	0.35	30	0.3 
0.0	59.97
0.21840329665794722	59.96
25.57123383761815	53.85
27.134428314956022	53.47
53.42406293005636	44.1
56.402065564930844	43.38
63.158876652556415	41.97
77.8524822978094	38.440000000000005
77.93488692455142	33.85
93.62570587172276	33.85
195.95684422805863	33.85
202.11112042603725	41.480000000000004
206.5575508180799	42.150000000000006
207.24052885501612	42.21
209.63137551386632	42.480000000000004
226.33285333795277	44.300000000000004
229.63756225812713	44.650000000000006
249.64390639445006	46.730000000000004
260.5609828810141	47.86
269.65993343431194	49.18
289.66943262931454	52.07
300.73218982956746	53.68
309.6760775388081	55.82
328.9997665647108	60.510000000000005
329.69234219150445	60.54
349.69910222898307	61.61
357.2799487797525	62.02
369.70590649839437	62.06
385.53155473927865	62.11
385.80358383449135	62.11
    48	3	0	0.35	30	0.3 
0.0	60.309999999999995
0.21840329665794722	60.3
25.57123383761815	54.19
27.134428314956022	53.809999999999995
53.42406293005636	44.44
56.402065564930844	43.72
63.158876652556415	42.309999999999995
77.8524822978094	38.78
77.93488692455142	34.19
93.62570587172276	34.19
195.95684422805863	34.19
202.11112042603725	41.82
206.5575508180799	42.49
207.24052885501612	42.55
209.63137551386632	42.82
226.33285333795277	44.64
229.63756225812713	44.99
249.64390639445006	47.07
260.5609828810141	48.199999999999996
269.65993343431194	49.519999999999996
289.66943262931454	52.41
300.73218982956746	54.019999999999996
309.6760775388081	56.16
328.9997665647108	60.85
329.69234219150445	60.879999999999995
349.69910222898307	61.949999999999996
357.2799487797525	62.36
369.70590649839437	62.4
385.53155473927865	62.449999999999996
385.80358383449135	62.449999999999996
    49	3	0	0.35	30	0.3 
0.0	60.33
0.21840329665794722	60.32
25.57123383761815	54.21
27.134428314956022	53.83
53.42406293005636	44.46
56.402065564930844	43.74
63.158876652556415	42.33
77.8524822978094	38.800000000000004
77.93488692455142	34.21
93.62570587172276	34.21
195.95684422805863	34.21
202.11112042603725	41.84
206.5575508180799	42.510000000000005
207.24052885501612	42.57
209.63137551386632	42.84
226.33285333795277	44.660000000000004
229.63756225812713	45.010000000000005
249.64390639445006	47.09
260.5609828810141	48.22
269.65993343431194	49.54
289.66943262931454	52.43
300.73218982956746	54.04
309.6760775388081	56.18
328.9997665647108	60.870000000000005
329.69234219150445	60.9
349.69910222898307	61.97
357.2799487797525	62.38
369.70590649839437	62.42
385.53155473927865	62.47
385.80358383449135	62.47
    50	3	0	0.35	30	0.3 
0.0	60.349999999999994
0.21840329665794722	60.339999999999996
25.57123383761815	54.23
27.134428314956022	53.849999999999994
53.42406293005636	44.48
56.402065564930844	43.76
63.158876652556415	42.349999999999994
77.8524822978094	38.82
77.93488692455142	34.23
93.62570587172276	34.23
195.95684422805863	34.23
202.11112042603725	41.86
206.5575508180799	42.53
207.24052885501612	42.589999999999996
209.63137551386632	42.86
226.33285333795277	44.68
229.63756225812713	45.03
249.64390639445006	47.11
260.5609828810141	48.239999999999995
269.65993343431194	49.559999999999995
289.66943262931454	52.449999999999996
300.73218982956746	54.059999999999995
309.6760775388081	56.199999999999996
328.9997665647108	60.89
329.69234219150445	60.919999999999995
349.69910222898307	61.989999999999995
357.2799487797525	62.4
369.70590649839437	62.44
385.53155473927865	62.489999999999995
385.80358383449135	62.489999999999995
    51	3	0	0.35	30	0.3 
0.0	60.36
0.21840329665794722	60.35
25.57123383761815	54.24
27.134428314956022	53.86
53.42406293005636	44.49
56.402065564930844	43.77
63.158876652556415	42.36
77.8524822978094	38.830000000000005
77.93488692455142	34.24
93.62570587172276	34.24
195.95684422805863	34.24
202.11112042603725	41.870000000000005
206.5575508180799	42.540000000000006
207.24052885501612	42.6
209.63137551386632	42.870000000000005
226.33285333795277	44.690000000000005
229.63756225812713	45.040000000000006
249.64390639445006	47.120000000000005
260.5609828810141	48.25
269.65993343431194	49.57
289.66943262931454	52.46
300.73218982956746	54.07
309.6760775388081	56.21
328.9997665647108	60.900000000000006
329.69234219150445	60.93
349.69910222898307	62.0
357.2799487797525	62.410000000000004
369.70590649839437	62.45
385.53155473927865	62.5
385.80358383449135	62.5
    52	3	0	0.35	30	0.3 
0.0	60.379999999999995
0.21840329665794722	60.37
25.57123383761815	54.26
27.134428314956022	53.879999999999995
53.42406293005636	44.51
56.402065564930844	43.79
63.158876652556415	42.379999999999995
77.8524822978094	38.85
77.93488692455142	34.26
93.62570587172276	34.26
195.95684422805863	34.26
202.11112042603725	41.89
206.5575508180799	42.56
207.24052885501612	42.62
209.63137551386632	42.89
226.33285333795277	44.71
229.63756225812713	45.06
249.64390639445006	47.14
260.5609828810141	48.269999999999996
269.65993343431194	49.589999999999996
289.66943262931454	52.48
300.73218982956746	54.089999999999996
309.6760775388081	56.23
328.9997665647108	60.92
329.69234219150445	60.949999999999996
349.69910222898307	62.019999999999996
357.2799487797525	62.43
369.70590649839437	62.47
385.53155473927865	62.519999999999996
385.80358383449135	62.519999999999996
    53	3	0	0.35	30	0.3 
0.0	60.39
0.21840329665794722	60.38
25.57123383761815	54.27
27.134428314956022	53.89
53.42406293005636	44.52
56.402065564930844	43.800000000000004
63.158876652556415	42.39
77.8524822978094	38.86000000000001
77.93488692455142	34.27
93.62570587172276	34.27
195.95684422805863	34.27
202.11112042603725	41.900000000000006
206.5575508180799	42.57000000000001
207.24052885501612	42.63
209.63137551386632	42.900000000000006
226.33285333795277	44.720000000000006
229.63756225812713	45.07000000000001
249.64390639445006	47.150000000000006
260.5609828810141	48.28
269.65993343431194	49.6
289.66943262931454	52.49
300.73218982956746	54.1
309.6760775388081	56.24
328.9997665647108	60.93000000000001
329.69234219150445	60.96
349.69910222898307	62.03
357.2799487797525	62.440000000000005
369.70590649839437	62.480000000000004
385.53155473927865	62.53
385.80358383449135	62.53
    54	3	0	0.35	30	0.3 
0.0	60.4
0.21840329665794722	60.39
25.57123383761815	54.28
27.134428314956022	53.9
53.42406293005636	44.53
56.402065564930844	43.81
63.158876652556415	42.4
77.8524822978094	38.870000000000005
77.93488692455142	34.28
93.62570587172276	34.28
195.95684422805863	34.28
202.11112042603725	41.910000000000004
206.5575508180799	42.580000000000005
207.24052885501612	42.64
209.63137551386632	42.910000000000004
226.33285333795277	44.730000000000004
229.63756225812713	45.080000000000005
249.64390639445006	47.160000000000004
260.5609828810141	48.29
269.65993343431194	49.61
289.66943262931454	52.5
300.73218982956746	54.11
309.6760775388081	56.25
328.9997665647108	60.940000000000005
329.69234219150445	60.97
349.69910222898307	62.04
357.2799487797525	62.45
369.70590649839437	62.49
385.53155473927865	62.54
385.80358383449135	62.54
    55	3	0	0.35	30	0.3 
0.0	60.419999999999995
0.21840329665794722	60.41
25.57123383761815	54.3
27.134428314956022	53.919999999999995
53.42406293005636	44.55
56.402065564930844	43.83
63.158876652556415	42.419999999999995
77.8524822978094	38.89
77.93488692455142	34.3
93.62570587172276	34.3
195.95684422805863	34.3
202.11112042603725	41.93
206.5575508180799	42.6
207.24052885501612	42.66
209.63137551386632	42.93
226.33285333795277	44.75
229.63756225812713	45.1
249.64390639445006	47.18
260.5609828810141	48.309999999999995
269.65993343431194	49.629999999999995
289.66943262931454	52.519999999999996
300.73218982956746	54.129999999999995
309.6760775388081	56.269999999999996
328.9997665647108	60.96
329.69234219150445	60.989999999999995
349.69910222898307	62.059999999999995
357.2799487797525	62.47
369.70590649839437	62.51
385.53155473927865	62.559999999999995
385.80358383449135	62.559999999999995
    56	3	0	0.35	30	0.3 
0.0	60.419999999999995
0.21840329665794722	60.41
25.57123383761815	54.3
27.134428314956022	53.919999999999995
53.42406293005636	44.55
56.402065564930844	43.83
63.158876652556415	42.419999999999995
77.8524822978094	38.89
77.93488692455142	34.3
93.62570587172276	34.3
195.95684422805863	34.3
202.11112042603725	41.93
206.5575508180799	42.6
207.24052885501612	42.66
209.63137551386632	42.93
226.33285333795277	44.75
229.63756225812713	45.1
249.64390639445006	47.18
260.5609828810141	48.309999999999995
269.65993343431194	49.629999999999995
289.66943262931454	52.519999999999996
300.73218982956746	54.129999999999995
309.6760775388081	56.269999999999996
328.9997665647108	60.96
329.69234219150445	60.989999999999995
349.69910222898307	62.059999999999995
357.2799487797525	62.47
369.70590649839437	62.51
385.53155473927865	62.559999999999995
385.80358383449135	62.559999999999995
    57	3	0	0.35	30	0.3 
0.0	60.44
0.21840329665794722	60.43
25.57123383761815	54.32
27.134428314956022	53.94
53.42406293005636	44.57
56.402065564930844	43.85
63.158876652556415	42.44
77.8524822978094	38.910000000000004
77.93488692455142	34.32
93.62570587172276	34.32
195.95684422805863	34.32
202.11112042603725	41.95
206.5575508180799	42.620000000000005
207.24052885501612	42.68
209.63137551386632	42.95
226.33285333795277	44.77
229.63756225812713	45.120000000000005
249.64390639445006	47.2
260.5609828810141	48.33
269.65993343431194	49.65
289.66943262931454	52.54
300.73218982956746	54.15
309.6760775388081	56.29
328.9997665647108	60.980000000000004
329.69234219150445	61.01
349.69910222898307	62.08
357.2799487797525	62.49
369.70590649839437	62.53
385.53155473927865	62.58
385.80358383449135	62.58
    58	3	0	0.35	30	0.3 
0.0	60.46
0.21840329665794722	60.45
25.57123383761815	54.34
27.134428314956022	53.96
53.42406293005636	44.59
56.402065564930844	43.870000000000005
63.158876652556415	42.46
77.8524822978094	38.93000000000001
77.93488692455142	34.34
93.62570587172276	34.34
195.95684422805863	34.34
202.11112042603725	41.970000000000006
206.5575508180799	42.64000000000001
207.24052885501612	42.7
209.63137551386632	42.970000000000006
226.33285333795277	44.790000000000006
229.63756225812713	45.14000000000001
249.64390639445006	47.220000000000006
260.5609828810141	48.35
269.65993343431194	49.67
289.66943262931454	52.56
300.73218982956746	54.17
309.6760775388081	56.31
328.9997665647108	61.00000000000001
329.69234219150445	61.03
349.69910222898307	62.1
357.2799487797525	62.510000000000005
369.70590649839437	62.550000000000004
385.53155473927865	62.6
385.80358383449135	62.6
    59	3	0	0.35	30	0.3 
0.0	60.419999999999995
0.21840329665794722	60.41
25.57123383761815	54.3
27.134428314956022	53.919999999999995
53.42406293005636	44.55
56.402065564930844	43.83
63.158876652556415	42.419999999999995
77.8524822978094	38.89
77.93488692455142	34.3
93.62570587172276	34.3
195.95684422805863	34.3
202.11112042603725	41.93
206.5575508180799	42.6
207.24052885501612	42.66
209.63137551386632	42.93
226.33285333795277	44.75
229.63756225812713	45.1
249.64390639445006	47.18
260.5609828810141	48.309999999999995
269.65993343431194	49.629999999999995
289.66943262931454	52.519999999999996
300.73218982956746	54.129999999999995
309.6760775388081	56.269999999999996
328.9997665647108	60.96
329.69234219150445	60.989999999999995
349.69910222898307	62.059999999999995
357.2799487797525	62.47
369.70590649839437	62.51
385.53155473927865	62.559999999999995
385.80358383449135	62.559999999999995
    60	3	0	0.35	30	0.3 
0.0	60.419999999999995
0.21840329665794722	60.41
25.57123383761815	54.3
27.134428314956022	53.919999999999995
53.42406293005636	44.55
56.402065564930844	43.83
63.158876652556415	42.419999999999995
77.8524822978094	38.89
77.93488692455142	34.3
93.62570587172276	34.3
195.95684422805863	34.3
202.11112042603725	41.93
206.5575508180799	42.6
207.24052885501612	42.66
209.63137551386632	42.93
226.33285333795277	44.75
229.63756225812713	45.1
249.64390639445006	47.18
260.5609828810141	48.309999999999995
269.65993343431194	49.629999999999995
289.66943262931454	52.519999999999996
300.73218982956746	54.129999999999995
309.6760775388081	56.269999999999996
328.9997665647108	60.96
329.69234219150445	60.989999999999995
349.69910222898307	62.059999999999995
357.2799487797525	62.47
369.70590649839437	62.51
385.53155473927865	62.559999999999995
385.80358383449135	62.559999999999995
    61	3	0	0.35	30	0.3 
0.0	60.269999999999996
0.21840329665794722	60.26
25.57123383761815	54.15
27.134428314956022	53.769999999999996
53.42406293005636	44.4
56.402065564930844	43.68
63.158876652556415	42.269999999999996
77.8524822978094	38.74
77.93488692455142	34.15
93.62570587172276	34.15
195.95684422805863	34.15
202.11112042603725	41.78
206.5575508180799	42.45
207.24052885501612	42.51
209.63137551386632	42.78
226.33285333795277	44.6
229.63756225812713	44.95
249.64390639445006	47.03
260.5609828810141	48.16
269.65993343431194	49.48
289.66943262931454	52.37
300.73218982956746	53.98
309.6760775388081	56.12
328.9997665647108	60.81
329.69234219150445	60.839999999999996
349.69910222898307	61.91
357.2799487797525	62.32
369.70590649839437	62.36
385.53155473927865	62.41
385.80358383449135	62.41
    62	3	0	0.35	30	0.3 
0.0	60.18
0.21840329665794722	60.17
25.57123383761815	54.06
27.134428314956022	53.68
53.42406293005636	44.31
56.402065564930844	43.59
63.158876652556415	42.18
77.8524822978094	38.650000000000006
77.93488692455142	34.06
93.62570587172276	34.06
195.95684422805863	34.06
202.11112042603725	41.690000000000005
206.5575508180799	42.36000000000001
207.24052885501612	42.42
209.63137551386632	42.690000000000005
226.33285333795277	44.510000000000005
229.63756225812713	44.86000000000001
249.64390639445006	46.940000000000005
260.5609828810141	48.07
269.65993343431194	49.39
289.66943262931454	52.28
300.73218982956746	53.89
309.6760775388081	56.03
328.9997665647108	60.720000000000006
329.69234219150445	60.75
349.69910222898307	61.82
357.2799487797525	62.230000000000004
369.70590649839437	62.27
385.53155473927865	62.32
385.80358383449135	62.32
    63	3	0	0.35	30	0.3 
0.0	60.18
0.21840329665794722	60.17
25.57123383761815	54.06
27.134428314956022	53.68
53.42406293005636	44.31
56.402065564930844	43.59
63.158876652556415	42.18
77.8524822978094	38.650000000000006
77.93488692455142	34.06
93.62570587172276	34.06
195.95684422805863	34.06
202.11112042603725	41.690000000000005
206.5575508180799	42.36000000000001
207.24052885501612	42.42
209.63137551386632	42.690000000000005
226.33285333795277	44.510000000000005
229.63756225812713	44.86000000000001
249.64390639445006	46.940000000000005
260.5609828810141	48.07
269.65993343431194	49.39
289.66943262931454	52.28
300.73218982956746	53.89
309.6760775388081	56.03
328.9997665647108	60.720000000000006
329.69234219150445	60.75
349.69910222898307	61.82
357.2799487797525	62.230000000000004
369.70590649839437	62.27
385.53155473927865	62.32
385.80358383449135	62.32
    64	3	0	0.35	30	0.3 
0.0	60.08
0.21840329665794722	60.07
25.57123383761815	53.96
27.134428314956022	53.58
53.42406293005636	44.21
56.402065564930844	43.49
63.158876652556415	42.08
77.8524822978094	38.550000000000004
77.93488692455142	33.96
93.62570587172276	33.96
195.95684422805863	33.96
202.11112042603725	41.59
206.5575508180799	42.260000000000005
207.24052885501612	42.32
209.63137551386632	42.59
226.33285333795277	44.410000000000004
229.63756225812713	44.760000000000005
249.64390639445006	46.84
260.5609828810141	47.97
269.65993343431194	49.29
289.66943262931454	52.18
300.73218982956746	53.79
309.6760775388081	55.93
328.9997665647108	60.620000000000005
329.69234219150445	60.65
349.69910222898307	61.72
357.2799487797525	62.13
369.70590649839437	62.17
385.53155473927865	62.22
385.80358383449135	62.22
    65	3	0	0.35	30	0.3 
0.0	60.029999999999994
0.21840329665794722	60.019999999999996
25.57123383761815	53.91
27.134428314956022	53.529999999999994
53.42406293005636	44.16
56.402065564930844	43.44
63.158876652556415	42.029999999999994
77.8524822978094	38.5
77.93488692455142	33.91
93.62570587172276	33.91
195.95684422805863	33.91
202.11112042603725	41.54
206.5575508180799	42.21
207.24052885501612	42.269999999999996
209.63137551386632	42.54
226.33285333795277	44.36
229.63756225812713	44.71
249.64390639445006	46.79
260.5609828810141	47.919999999999995
269.65993343431194	49.239999999999995
289.66943262931454	52.129999999999995
300.73218982956746	53.739999999999995
309.6760775388081	55.879999999999995
328.9997665647108	60.57
329.69234219150445	60.599999999999994
349.69910222898307	61.669999999999995
357.2799487797525	62.08
369.70590649839437	62.12
385.53155473927865	62.169999999999995
385.80358383449135	62.169999999999995
    66	3	0	0.35	30	0.3 
0.0	59.93
0.21840329665794722	59.92
25.57123383761815	53.81
27.134428314956022	53.43
53.42406293005636	44.06
56.402065564930844	43.34
63.158876652556415	41.93
77.8524822978094	38.400000000000006
77.93488692455142	33.81
93.62570587172276	33.81
195.95684422805863	33.81
202.11112042603725	41.440000000000005
206.5575508180799	42.11000000000001
207.24052885501612	42.17
209.63137551386632	42.440000000000005
226.33285333795277	44.260000000000005
229.63756225812713	44.61000000000001
249.64390639445006	46.690000000000005
260.5609828810141	47.82
269.65993343431194	49.14
289.66943262931454	52.03
300.73218982956746	53.64
309.6760775388081	55.78
328.9997665647108	60.470000000000006
329.69234219150445	60.5
349.69910222898307	61.57
357.2799487797525	61.980000000000004
369.70590649839437	62.02
385.53155473927865	62.07
385.80358383449135	62.07
    67	3	0	0.35	30	0.3 
0.0	59.839999999999996
0.21840329665794722	59.83
25.57123383761815	53.72
27.134428314956022	53.339999999999996
53.42406293005636	43.97
56.402065564930844	43.25
63.158876652556415	41.839999999999996
77.8524822978094	38.31
77.93488692455142	33.72
93.62570587172276	33.72
195.95684422805863	33.72
202.11112042603725	41.35
206.5575508180799	42.02
207.24052885501612	42.08
209.63137551386632	42.35
226.33285333795277	44.17
229.63756225812713	44.52
249.64390639445006	46.6
260.5609828810141	47.73
269.65993343431194	49.05
289.66943262931454	51.94
300.73218982956746	53.55
309.6760775388081	55.69
328.9997665647108	60.38
329.69234219150445	60.41
349.69910222898307	61.48
357.2799487797525	61.89
369.70590649839437	61.93
385.53155473927865	61.98
385.80358383449135	61.98
    68	3	0	0.35	30	0.3 
0.0	59.839999999999996
0.21840329665794722	59.83
25.57123383761815	53.72
27.134428314956022	53.339999999999996
53.42406293005636	43.97
56.402065564930844	43.25
63.158876652556415	41.839999999999996
77.8524822978094	38.31
77.93488692455142	33.72
93.62570587172276	33.72
195.95684422805863	33.72
202.11112042603725	41.35
206.5575508180799	42.02
207.24052885501612	42.08
209.63137551386632	42.35
226.33285333795277	44.17
229.63756225812713	44.52
249.64390639445006	46.6
260.5609828810141	47.73
269.65993343431194	49.05
289.66943262931454	51.94
300.73218982956746	53.55
309.6760775388081	55.69
328.9997665647108	60.38
329.69234219150445	60.41
349.69910222898307	61.48
357.2799487797525	61.89
369.70590649839437	61.93
385.53155473927865	61.98
385.80358383449135	61.98
    69	3	0	0.35	30	0.3 
0.0	59.69
0.21840329665794722	59.68
25.57123383761815	53.57
27.134428314956022	53.19
53.42406293005636	43.82
56.402065564930844	43.1
63.158876652556415	41.69
77.8524822978094	38.160000000000004
77.93488692455142	33.57
93.62570587172276	33.57
195.95684422805863	33.57
202.11112042603725	41.2
206.5575508180799	41.870000000000005
207.24052885501612	41.93
209.63137551386632	42.2
226.33285333795277	44.02
229.63756225812713	44.370000000000005
249.64390639445006	46.45
260.5609828810141	47.58
269.65993343431194	48.9
289.66943262931454	51.79
300.73218982956746	53.4
309.6760775388081	55.54
328.9997665647108	60.230000000000004
329.69234219150445	60.26
349.69910222898307	61.33
357.2799487797525	61.74
369.70590649839437	61.78
385.53155473927865	61.83
385.80358383449135	61.83
    70	3	0	0.35	30	0.3 
0.0	59.589999999999996
0.21840329665794722	59.58
25.57123383761815	53.47
27.134428314956022	53.089999999999996
53.42406293005636	43.72
56.402065564930844	43.0
63.158876652556415	41.589999999999996
77.8524822978094	38.06
77.93488692455142	33.47
93.62570587172276	33.47
195.95684422805863	33.47
202.11112042603725	41.1
206.5575508180799	41.77
207.24052885501612	41.83
209.63137551386632	42.1
226.33285333795277	43.92
229.63756225812713	44.27
249.64390639445006	46.35
260.5609828810141	47.48
269.65993343431194	48.8
289.66943262931454	51.69
300.73218982956746	53.3
309.6760775388081	55.44
328.9997665647108	60.13
329.69234219150445	60.16
349.69910222898307	61.23
357.2799487797525	61.64
369.70590649839437	61.68
385.53155473927865	61.73
385.80358383449135	61.73
    71	3	0	0.35	30	0.3 
0.0	59.589999999999996
0.21840329665794722	59.58
25.57123383761815	53.47
27.134428314956022	53.089999999999996
53.42406293005636	43.72
56.402065564930844	43.0
63.158876652556415	41.589999999999996
77.8524822978094	38.06
77.93488692455142	33.47
93.62570587172276	33.47
195.95684422805863	33.47
202.11112042603725	41.1
206.5575508180799	41.77
207.24052885501612	41.83
209.63137551386632	42.1
226.33285333795277	43.92
229.63756225812713	44.27
249.64390639445006	46.35
260.5609828810141	47.48
269.65993343431194	48.8
289.66943262931454	51.69
300.73218982956746	53.3
309.6760775388081	55.44
328.9997665647108	60.13
329.69234219150445	60.16
349.69910222898307	61.23
357.2799487797525	61.64
369.70590649839437	61.68
385.53155473927865	61.73
385.80358383449135	61.73
    72	3	0	0.35	30	0.3 
0.0	59.5
0.21840329665794722	59.49
25.57123383761815	53.38
27.134428314956022	53.0
53.42406293005636	43.63
56.402065564930844	42.910000000000004
63.158876652556415	41.5
77.8524822978094	37.970000000000006
77.93488692455142	33.38
93.62570587172276	33.38
195.95684422805863	33.38
202.11112042603725	41.010000000000005
206.5575508180799	41.68000000000001
207.24052885501612	41.74
209.63137551386632	42.010000000000005
226.33285333795277	43.830000000000005
229.63756225812713	44.18000000000001
249.64390639445006	46.260000000000005
260.5609828810141	47.39
269.65993343431194	48.71
289.66943262931454	51.6
300.73218982956746	53.21
309.6760775388081	55.35
328.9997665647108	60.040000000000006
329.69234219150445	60.07
349.69910222898307	61.14
357.2799487797525	61.550000000000004
369.70590649839437	61.59
385.53155473927865	61.64
385.80358383449135	61.64
    73	3	0	0.35	30	0.3 
0.0	59.36
0.21840329665794722	59.35
25.57123383761815	53.24
27.134428314956022	52.86
53.42406293005636	43.49
56.402065564930844	42.77
63.158876652556415	41.36
77.8524822978094	37.830000000000005
77.93488692455142	33.24
93.62570587172276	33.24
195.95684422805863	33.24
202.11112042603725	40.870000000000005
206.5575508180799	41.540000000000006
207.24052885501612	41.6
209.63137551386632	41.870000000000005
226.33285333795277	43.690000000000005
229.63756225812713	44.040000000000006
249.64390639445006	46.120000000000005
260.5609828810141	47.25
269.65993343431194	48.57
289.66943262931454	51.46
300.73218982956746	53.07
309.6760775388081	55.21
328.9997665647108	59.900000000000006
329.69234219150445	59.93
349.69910222898307	61.0
357.2799487797525	61.410000000000004
369.70590649839437	61.45
385.53155473927865	61.5
385.80358383449135	61.5
    74	3	0	0.35	30	0.3 
0.0	59.36
0.21840329665794722	59.35
25.57123383761815	53.24
27.134428314956022	52.86
53.42406293005636	43.49
56.402065564930844	42.77
63.158876652556415	41.36
77.8524822978094	37.830000000000005
77.93488692455142	33.24
93.62570587172276	33.24
195.95684422805863	33.24
202.11112042603725	40.870000000000005
206.5575508180799	41.540000000000006
207.24052885501612	41.6
209.63137551386632	41.870000000000005
226.33285333795277	43.690000000000005
229.63756225812713	44.040000000000006
249.64390639445006	46.120000000000005
260.5609828810141	47.25
269.65993343431194	48.57
289.66943262931454	51.46
300.73218982956746	53.07
309.6760775388081	55.21
328.9997665647108	59.900000000000006
329.69234219150445	59.93
349.69910222898307	61.0
357.2799487797525	61.410000000000004
369.70590649839437	61.45
385.53155473927865	61.5
385.80358383449135	61.5
    75	3	0	0.35	30	0.3 
0.0	59.269999999999996
0.21840329665794722	59.26
25.57123383761815	53.15
27.134428314956022	52.769999999999996
53.42406293005636	43.4
56.402065564930844	42.68
63.158876652556415	41.269999999999996
77.8524822978094	37.74
77.93488692455142	33.15
93.62570587172276	33.15
195.95684422805863	33.15
202.11112042603725	40.78
206.5575508180799	41.45
207.24052885501612	41.51
209.63137551386632	41.78
226.33285333795277	43.6
229.63756225812713	43.95
249.64390639445006	46.03
260.5609828810141	47.16
269.65993343431194	48.48
289.66943262931454	51.37
300.73218982956746	52.98
309.6760775388081	55.12
328.9997665647108	59.81
329.69234219150445	59.839999999999996
349.69910222898307	60.91
357.2799487797525	61.32
369.70590649839437	61.36
385.53155473927865	61.41
385.80358383449135	61.41
    76	3	0	0.35	30	0.3 
0.0	59.169999999999995
0.21840329665794722	59.16
25.57123383761815	53.05
27.134428314956022	52.669999999999995
53.42406293005636	43.3
56.402065564930844	42.58
63.158876652556415	41.169999999999995
77.8524822978094	37.64
77.93488692455142	33.05
93.62570587172276	33.05
195.95684422805863	33.05
202.11112042603725	40.68
206.5575508180799	41.35
207.24052885501612	41.41
209.63137551386632	41.68
226.33285333795277	43.5
229.63756225812713	43.85
249.64390639445006	45.93
260.5609828810141	47.059999999999995
269.65993343431194	48.379999999999995
289.66943262931454	51.269999999999996
300.73218982956746	52.879999999999995
309.6760775388081	55.019999999999996
328.9997665647108	59.71
329.69234219150445	59.739999999999995
349.69910222898307	60.809999999999995
357.2799487797525	61.22
369.70590649839437	61.26
385.53155473927865	61.309999999999995
385.80358383449135	61.309999999999995
    77	3	0	0.35	30	0.3 
0.0	59.08
0.21840329665794722	59.07
25.57123383761815	52.96
27.134428314956022	52.58
53.42406293005636	43.21
56.402065564930844	42.49
63.158876652556415	41.08
77.8524822978094	37.550000000000004
77.93488692455142	32.96
93.62570587172276	32.96
195.95684422805863	32.96
202.11112042603725	40.59
206.5575508180799	41.260000000000005
207.24052885501612	41.32
209.63137551386632	41.59
226.33285333795277	43.410000000000004
229.63756225812713	43.760000000000005
249.64390639445006	45.84
260.5609828810141	46.97
269.65993343431194	48.29
289.66943262931454	51.18
300.73218982956746	52.79
309.6760775388081	54.93
328.9997665647108	59.620000000000005
329.69234219150445	59.65
349.69910222898307	60.72
357.2799487797525	61.13
369.70590649839437	61.17
385.53155473927865	61.22
385.80358383449135	61.22
    78	3	0	0.35	30	0.3 
0.0	58.989999999999995
0.21840329665794722	58.98
25.57123383761815	52.87
27.134428314956022	52.489999999999995
53.42406293005636	43.12
56.402065564930844	42.4
63.158876652556415	40.989999999999995
77.8524822978094	37.46
77.93488692455142	32.87
93.62570587172276	32.87
195.95684422805863	32.87
202.11112042603725	40.5
206.5575508180799	41.17
207.24052885501612	41.23
209.63137551386632	41.5
226.33285333795277	43.32
229.63756225812713	43.67
249.64390639445006	45.75
260.5609828810141	46.879999999999995
269.65993343431194	48.199999999999996
289.66943262931454	51.089999999999996
300.73218982956746	52.699999999999996
309.6760775388081	54.839999999999996
328.9997665647108	59.53
329.69234219150445	59.559999999999995
349.69910222898307	60.629999999999995
357.2799487797525	61.04
369.70590649839437	61.08
385.53155473927865	61.129999999999995
385.80358383449135	61.129999999999995
    79	3	0	0.35	30	0.3 
0.0	58.89
0.21840329665794722	58.88
25.57123383761815	52.77
27.134428314956022	52.39
53.42406293005636	43.02
56.402065564930844	42.300000000000004
63.158876652556415	40.89
77.8524822978094	37.36000000000001
77.93488692455142	32.77
93.62570587172276	32.77
195.95684422805863	32.77
202.11112042603725	40.400000000000006
206.5575508180799	41.07000000000001
207.24052885501612	41.13
209.63137551386632	41.400000000000006
226.33285333795277	43.220000000000006
229.63756225812713	43.57000000000001
249.64390639445006	45.650000000000006
260.5609828810141	46.78
269.65993343431194	48.1
289.66943262931454	50.99
300.73218982956746	52.6
309.6760775388081	54.74
328.9997665647108	59.43000000000001
329.69234219150445	59.46
349.69910222898307	60.53
357.2799487797525	60.940000000000005
369.70590649839437	60.980000000000004
385.53155473927865	61.03
385.80358383449135	61.03
    80	3	0	0.35	30	0.3 
0.0	58.839999999999996
0.21840329665794722	58.83
25.57123383761815	52.72
27.134428314956022	52.339999999999996
53.42406293005636	42.97
56.402065564930844	42.25
63.158876652556415	40.839999999999996
77.8524822978094	37.31
77.93488692455142	32.72
93.62570587172276	32.72
195.95684422805863	32.72
202.11112042603725	40.35
206.5575508180799	41.02
207.24052885501612	41.08
209.63137551386632	41.35
226.33285333795277	43.17
229.63756225812713	43.52
249.64390639445006	45.6
260.5609828810141	46.73
269.65993343431194	48.05
289.66943262931454	50.94
300.73218982956746	52.55
309.6760775388081	54.69
328.9997665647108	59.38
329.69234219150445	59.41
349.69910222898307	60.48
357.2799487797525	60.89
369.70590649839437	60.93
385.53155473927865	60.98
385.80358383449135	60.98
    81	3	0	0.35	30	0.3 
0.0	58.839999999999996
0.21840329665794722	58.83
25.57123383761815	52.72
27.134428314956022	52.339999999999996
53.42406293005636	42.97
56.402065564930844	42.25
63.158876652556415	40.839999999999996
77.8524822978094	37.31
77.93488692455142	32.72
93.62570587172276	32.72
195.95684422805863	32.72
202.11112042603725	40.35
206.5575508180799	41.02
207.24052885501612	41.08
209.63137551386632	41.35
226.33285333795277	43.17
229.63756225812713	43.52
249.64390639445006	45.6
260.5609828810141	46.73
269.65993343431194	48.05
289.66943262931454	50.94
300.73218982956746	52.55
309.6760775388081	54.69
328.9997665647108	59.38
329.69234219150445	59.41
349.69910222898307	60.48
357.2799487797525	60.89
369.70590649839437	60.93
385.53155473927865	60.98
385.80358383449135	60.98
    82	3	0	0.35	30	0.3 
0.0	58.79
0.21840329665794722	58.78
25.57123383761815	52.67
27.134428314956022	52.29
53.42406293005636	42.92
56.402065564930844	42.2
63.158876652556415	40.79
77.8524822978094	37.260000000000005
77.93488692455142	32.67
93.62570587172276	32.67
195.95684422805863	32.67
202.11112042603725	40.300000000000004
206.5575508180799	40.970000000000006
207.24052885501612	41.03
209.63137551386632	41.300000000000004
226.33285333795277	43.120000000000005
229.63756225812713	43.470000000000006
249.64390639445006	45.550000000000004
260.5609828810141	46.68
269.65993343431194	48.0
289.66943262931454	50.89
300.73218982956746	52.5
309.6760775388081	54.64
328.9997665647108	59.330000000000005
329.69234219150445	59.36
349.69910222898307	60.43
357.2799487797525	60.84
369.70590649839437	60.88
385.53155473927865	60.93
385.80358383449135	60.93
    83	3	0	0.35	30	0.3 
0.0	58.69
0.21840329665794722	58.68
25.57123383761815	52.57
27.134428314956022	52.19
53.42406293005636	42.82
56.402065564930844	42.1
63.158876652556415	40.69
77.8524822978094	37.160000000000004
77.93488692455142	32.57
93.62570587172276	32.57
195.95684422805863	32.57
202.11112042603725	40.2
206.5575508180799	40.870000000000005
207.24052885501612	40.93
209.63137551386632	41.2
226.33285333795277	43.02
229.63756225812713	43.370000000000005
249.64390639445006	45.45
260.5609828810141	46.58
269.65993343431194	47.9
289.66943262931454	50.79
300.73218982956746	52.4
309.6760775388081	54.54
328.9997665647108	59.230000000000004
329.69234219150445	59.26
349.69910222898307	60.33
357.2799487797525	60.74
369.70590649839437	60.78
385.53155473927865	60.83
385.80358383449135	60.83
    84	3	0	0.35	30	0.3 
0.0	58.65
0.21840329665794722	58.64
25.57123383761815	52.53
27.134428314956022	52.15
53.42406293005636	42.78
56.402065564930844	42.06
63.158876652556415	40.65
77.8524822978094	37.120000000000005
77.93488692455142	32.53
93.62570587172276	32.53
195.95684422805863	32.53
202.11112042603725	40.160000000000004
206.5575508180799	40.830000000000005
207.24052885501612	40.89
209.63137551386632	41.160000000000004
226.33285333795277	42.980000000000004
229.63756225812713	43.330000000000005
249.64390639445006	45.410000000000004
260.5609828810141	46.54
269.65993343431194	47.86
289.66943262931454	50.75
300.73218982956746	52.36
309.6760775388081	54.5
328.9997665647108	59.190000000000005
329.69234219150445	59.22
349.69910222898307	60.29
357.2799487797525	60.7
369.70590649839437	60.74
385.53155473927865	60.79
385.80358383449135	60.79
    85	3	0	0.35	30	0.3 
0.0	58.55
0.21840329665794722	58.54
25.57123383761815	52.43
27.134428314956022	52.05
53.42406293005636	42.68
56.402065564930844	41.96
63.158876652556415	40.55
77.8524822978094	37.02
77.93488692455142	32.43
93.62570587172276	32.43
195.95684422805863	32.43
202.11112042603725	40.06
206.5575508180799	40.730000000000004
207.24052885501612	40.79
209.63137551386632	41.06
226.33285333795277	42.88
229.63756225812713	43.230000000000004
249.64390639445006	45.31
260.5609828810141	46.44
269.65993343431194	47.76
289.66943262931454	50.65
300.73218982956746	52.26
309.6760775388081	54.4
328.9997665647108	59.09
329.69234219150445	59.12
349.69910222898307	60.19
357.2799487797525	60.6
369.70590649839437	60.64
385.53155473927865	60.69
385.80358383449135	60.69
    86	3	0	0.35	30	0.3 
0.0	58.349999999999994
0.21840329665794722	58.339999999999996
25.57123383761815	52.23
27.134428314956022	51.849999999999994
53.42406293005636	42.48
56.402065564930844	41.76
63.158876652556415	40.349999999999994
77.8524822978094	36.82
77.93488692455142	32.23
93.62570587172276	32.23
195.95684422805863	32.23
202.11112042603725	39.86
206.5575508180799	40.53
207.24052885501612	40.589999999999996
209.63137551386632	40.86
226.33285333795277	42.68
229.63756225812713	43.03
249.64390639445006	45.11
260.5609828810141	46.239999999999995
269.65993343431194	47.559999999999995
289.66943262931454	50.449999999999996
300.73218982956746	52.059999999999995
309.6760775388081	54.199999999999996
328.9997665647108	58.89
329.69234219150445	58.919999999999995
349.69910222898307	59.989999999999995
357.2799487797525	60.4
369.70590649839437	60.44
385.53155473927865	60.489999999999995
385.80358383449135	60.489999999999995
    87	3	0	0.35	30	0.3 
0.0	58.26
0.21840329665794722	58.25
25.57123383761815	52.14
27.134428314956022	51.76
53.42406293005636	42.39
56.402065564930844	41.67
63.158876652556415	40.26
77.8524822978094	36.730000000000004
77.93488692455142	32.14
93.62570587172276	32.14
195.95684422805863	32.14
202.11112042603725	39.77
206.5575508180799	40.440000000000005
207.24052885501612	40.5
209.63137551386632	40.77
226.33285333795277	42.59
229.63756225812713	42.940000000000005
249.64390639445006	45.02
260.5609828810141	46.15
269.65993343431194	47.47
289.66943262931454	50.36
300.73218982956746	51.97
309.6760775388081	54.11
328.9997665647108	58.800000000000004
329.69234219150445	58.83
349.69910222898307	59.9
357.2799487797525	60.31
369.70590649839437	60.35
385.53155473927865	60.4
385.80358383449135	60.4
    88	3	0	0.35	30	0.3 
0.0	58.21
0.21840329665794722	58.2
25.57123383761815	52.09
27.134428314956022	51.71
53.42406293005636	42.34
56.402065564930844	41.620000000000005
63.158876652556415	40.21
77.8524822978094	36.68000000000001
77.93488692455142	32.09
93.62570587172276	32.09
195.95684422805863	32.09
202.11112042603725	39.720000000000006
206.5575508180799	40.39000000000001
207.24052885501612	40.45
209.63137551386632	40.720000000000006
226.33285333795277	42.540000000000006
229.63756225812713	42.89000000000001
249.64390639445006	44.970000000000006
260.5609828810141	46.1
269.65993343431194	47.42
289.66943262931454	50.31
300.73218982956746	51.92
309.6760775388081	54.06
328.9997665647108	58.75000000000001
329.69234219150445	58.78
349.69910222898307	59.85
357.2799487797525	60.260000000000005
369.70590649839437	60.300000000000004
385.53155473927865	60.35
385.80358383449135	60.35
    89	3	0	0.35	30	0.3 
0.0	58.12
0.21840329665794722	58.11
25.57123383761815	52.0
27.134428314956022	51.62
53.42406293005636	42.25
56.402065564930844	41.53
63.158876652556415	40.12
77.8524822978094	36.59
77.93488692455142	32.0
93.62570587172276	32.0
195.95684422805863	32.0
202.11112042603725	39.63
206.5575508180799	40.300000000000004
207.24052885501612	40.36
209.63137551386632	40.63
226.33285333795277	42.45
229.63756225812713	42.800000000000004
249.64390639445006	44.88
260.5609828810141	46.01
269.65993343431194	47.33
289.66943262931454	50.22
300.73218982956746	51.83
309.6760775388081	53.97
328.9997665647108	58.660000000000004
329.69234219150445	58.69
349.69910222898307	59.76
357.2799487797525	60.17
369.70590649839437	60.21
385.53155473927865	60.26
385.80358383449135	60.26
    90	3	0	0.35	30	0.3 
0.0	58.03
0.21840329665794722	58.019999999999996
25.57123383761815	51.91
27.134428314956022	51.53
53.42406293005636	42.16
56.402065564930844	41.44
63.158876652556415	40.03
77.8524822978094	36.5
77.93488692455142	31.91
93.62570587172276	31.91
195.95684422805863	31.91
202.11112042603725	39.540000000000006
206.5575508180799	40.21000000000001
207.24052885501612	40.269999999999996
209.63137551386632	40.540000000000006
226.33285333795277	42.36
229.63756225812713	42.71000000000001
249.64390639445006	44.790000000000006
260.5609828810141	45.92
269.65993343431194	47.239999999999995
289.66943262931454	50.129999999999995
300.73218982956746	51.739999999999995
309.6760775388081	53.879999999999995
328.9997665647108	58.57000000000001
329.69234219150445	58.599999999999994
349.69910222898307	59.67
357.2799487797525	60.08
369.70590649839437	60.120000000000005
385.53155473927865	60.17
385.80358383449135	60.17
    91	3	0	0.35	30	0.3 
0.0	57.83
0.21840329665794722	57.82
25.57123383761815	51.71
27.134428314956022	51.33
53.42406293005636	41.96
56.402065564930844	41.24
63.158876652556415	39.83
77.8524822978094	36.300000000000004
77.93488692455142	31.71
93.62570587172276	31.71
195.95684422805863	31.71
202.11112042603725	39.34
206.5575508180799	40.010000000000005
207.24052885501612	40.07
209.63137551386632	40.34
226.33285333795277	42.160000000000004
229.63756225812713	42.510000000000005
249.64390639445006	44.59
260.5609828810141	45.72
269.65993343431194	47.04
289.66943262931454	49.93
300.73218982956746	51.54
309.6760775388081	53.68
328.9997665647108	58.370000000000005
329.69234219150445	58.4
349.69910222898307	59.47
357.2799487797525	59.88
369.70590649839437	59.92
385.53155473927865	59.97
385.80358383449135	59.97
    92	3	0	0.35	30	0.3 
0.0	57.36
0.21840329665794722	57.349999999999994
25.57123383761815	51.239999999999995
27.134428314956022	50.86
53.42406293005636	41.489999999999995
56.402065564930844	40.769999999999996
63.158876652556415	39.36
77.8524822978094	35.83
77.93488692455142	31.24
93.62570587172276	31.24
195.95684422805863	31.24
202.11112042603725	38.870000000000005
206.5575508180799	39.540000000000006
207.24052885501612	39.599999999999994
209.63137551386632	39.870000000000005
226.33285333795277	41.69
229.63756225812713	42.040000000000006
249.64390639445006	44.120000000000005
260.5609828810141	45.25
269.65993343431194	46.56999999999999
289.66943262931454	49.459999999999994
300.73218982956746	51.06999999999999
309.6760775388081	53.209999999999994
328.9997665647108	57.900000000000006
329.69234219150445	57.92999999999999
349.69910222898307	59.0
357.2799487797525	59.41
369.70590649839437	59.45
385.53155473927865	59.5
385.80358383449135	59.5
    93	3	0	0.35	30	0.3 
0.0	57.67999999999999
0.21840329665794722	57.67
25.57123383761815	51.56
27.134428314956022	51.17999999999999
53.42406293005636	41.81
56.402065564930844	41.09
63.158876652556415	39.67999999999999
77.8524822978094	36.150000000000006
77.93488692455142	31.56
93.62570587172276	31.56
195.95684422805863	31.56
202.11112042603725	39.19
206.5575508180799	39.86
207.24052885501612	39.92
209.63137551386632	40.19
226.33285333795277	42.010000000000005
229.63756225812713	42.36
249.64390639445006	44.44
260.5609828810141	45.56999999999999
269.65993343431194	46.89
289.66943262931454	49.78
300.73218982956746	51.39
309.6760775388081	53.53
328.9997665647108	58.22
329.69234219150445	58.25
349.69910222898307	59.31999999999999
357.2799487797525	59.730000000000004
369.70590649839437	59.769999999999996
385.53155473927865	59.81999999999999
385.80358383449135	59.81999999999999
    94	3	0	0.35	30	0.3 
0.0	57.05
0.21840329665794722	57.04
25.57123383761815	50.93
27.134428314956022	50.55
53.42406293005636	41.18
56.402065564930844	40.46
63.158876652556415	39.05
77.8524822978094	35.52
77.93488692455142	30.93
93.62570587172276	30.93
195.95684422805863	30.93
202.11112042603725	38.56
206.5575508180799	39.230000000000004
207.24052885501612	39.29
209.63137551386632	39.56
226.33285333795277	41.38
229.63756225812713	41.730000000000004
249.64390639445006	43.81
260.5609828810141	44.94
269.65993343431194	46.26
289.66943262931454	49.15
300.73218982956746	50.76
309.6760775388081	52.9
328.9997665647108	57.59
329.69234219150445	57.62
349.69910222898307	58.69
357.2799487797525	59.1
369.70590649839437	59.14
385.53155473927865	59.19
385.80358383449135	59.19
    95	3	0	0.35	30	0.3 
0.0	56.73
0.21840329665794722	56.72
25.57123383761815	50.61
27.134428314956022	50.23
53.42406293005636	40.86
56.402065564930844	40.14
63.158876652556415	38.73
77.8524822978094	35.2
77.93488692455142	30.61
93.62570587172276	30.61
195.95684422805863	30.61
202.11112042603725	38.24
206.5575508180799	38.910000000000004
207.24052885501612	38.97
209.63137551386632	39.24
226.33285333795277	41.06
229.63756225812713	41.410000000000004
249.64390639445006	43.49
260.5609828810141	44.62
269.65993343431194	45.94
289.66943262931454	48.83
300.73218982956746	50.44
309.6760775388081	52.58
328.9997665647108	57.27
329.69234219150445	57.3
349.69910222898307	58.37
357.2799487797525	58.78
369.70590649839437	58.82
385.53155473927865	58.87
385.80358383449135	58.87
    96	3	0	0.35	30	0.3 
0.0	56.42
0.21840329665794722	56.41
25.57123383761815	50.3
27.134428314956022	49.92
53.42406293005636	40.55
56.402065564930844	39.83
63.158876652556415	38.42
77.8524822978094	34.89
77.93488692455142	30.3
93.62570587172276	30.3
195.95684422805863	30.3
202.11112042603725	37.93000000000001
206.5575508180799	38.60000000000001
207.24052885501612	38.66
209.63137551386632	38.93000000000001
226.33285333795277	40.75
229.63756225812713	41.10000000000001
249.64390639445006	43.18000000000001
260.5609828810141	44.31
269.65993343431194	45.629999999999995
289.66943262931454	48.519999999999996
300.73218982956746	50.129999999999995
309.6760775388081	52.269999999999996
328.9997665647108	56.96000000000001
329.69234219150445	56.989999999999995
349.69910222898307	58.06
357.2799487797525	58.47
369.70590649839437	58.510000000000005
385.53155473927865	58.56
385.80358383449135	58.56
    97	3	0	0.35	30	0.3 
0.0	56.11
0.21840329665794722	56.099999999999994
25.57123383761815	49.989999999999995
27.134428314956022	49.61
53.42406293005636	40.239999999999995
56.402065564930844	39.519999999999996
63.158876652556415	38.11
77.8524822978094	34.58
77.93488692455142	29.99
93.62570587172276	29.99
195.95684422805863	29.99
202.11112042603725	37.620000000000005
206.5575508180799	38.290000000000006
207.24052885501612	38.349999999999994
209.63137551386632	38.620000000000005
226.33285333795277	40.44
229.63756225812713	40.790000000000006
249.64390639445006	42.870000000000005
260.5609828810141	44.0
269.65993343431194	45.31999999999999
289.66943262931454	48.209999999999994
300.73218982956746	49.81999999999999
309.6760775388081	51.959999999999994
328.9997665647108	56.650000000000006
329.69234219150445	56.67999999999999
349.69910222898307	57.75
357.2799487797525	58.16
369.70590649839437	58.2
385.53155473927865	58.25
385.80358383449135	58.25
    98	3	0	0.35	30	0.3 
0.0	56.08
0.21840329665794722	56.07
25.57123383761815	49.96
27.134428314956022	49.58
53.42406293005636	40.21
56.402065564930844	39.49
63.158876652556415	38.08
77.8524822978094	34.550000000000004
77.93488692455142	29.96
93.62570587172276	29.96
195.95684422805863	29.96
202.11112042603725	37.59
206.5575508180799	38.260000000000005
207.24052885501612	38.32
209.63137551386632	38.59
226.33285333795277	40.410000000000004
229.63756225812713	40.760000000000005
249.64390639445006	42.84
260.5609828810141	43.97
269.65993343431194	45.29
289.66943262931454	48.18
300.73218982956746	49.79
309.6760775388081	51.93
328.9997665647108	56.620000000000005
329.69234219150445	56.65
349.69910222898307	57.72
357.2799487797525	58.13
369.70590649839437	58.17
385.53155473927865	58.22
385.80358383449135	58.22
    99	3	0	0.35	30	0.3 
0.0	56.349999999999994
0.21840329665794722	56.34
25.57123383761815	50.230000000000004
27.134428314956022	49.849999999999994
53.42406293005636	40.480000000000004
56.402065564930844	39.760000000000005
63.158876652556415	38.349999999999994
77.8524822978094	34.82000000000001
77.93488692455142	30.23
93.62570587172276	30.23
195.95684422805863	30.23
202.11112042603725	37.86
206.5575508180799	38.53
207.24052885501612	38.59
209.63137551386632	38.86
226.33285333795277	40.68000000000001
229.63756225812713	41.03
249.64390639445006	43.11
260.5609828810141	44.239999999999995
269.65993343431194	45.56
289.66943262931454	48.45
300.73218982956746	50.06
309.6760775388081	52.2
328.9997665647108	56.89
329.69234219150445	56.92
349.69910222898307	57.989999999999995
357.2799487797525	58.400000000000006
369.70590649839437	58.44
385.53155473927865	58.489999999999995
385.80358383449135	58.489999999999995
    100	3	0	0.35	30	0.3 
0.0	56.62
0.21840329665794722	56.61
25.57123383761815	50.5
27.134428314956022	50.12
53.42406293005636	40.75
56.402065564930844	40.03
63.158876652556415	38.62
77.8524822978094	35.09
77.93488692455142	30.5
93.62570587172276	30.5
195.95684422805863	30.5
202.11112042603725	38.13
206.5575508180799	38.800000000000004
207.24052885501612	38.86
209.63137551386632	39.13
226.33285333795277	40.95
229.63756225812713	41.300000000000004
249.64390639445006	43.38
260.5609828810141	44.51
269.65993343431194	45.83
289.66943262931454	48.72
300.73218982956746	50.33
309.6760775388081	52.47
328.9997665647108	57.160000000000004
329.69234219150445	57.19
349.69910222898307	58.26
357.2799487797525	58.67
369.70590649839437	58.71
385.53155473927865	58.76
385.80358383449135	58.76
    101	3	0	0.35	30	0.3 
0.0	56.89
0.21840329665794722	56.879999999999995
25.57123383761815	50.769999999999996
27.134428314956022	50.39
53.42406293005636	41.019999999999996
56.402065564930844	40.3
63.158876652556415	38.89
77.8524822978094	35.36
77.93488692455142	30.77
93.62570587172276	30.77
195.95684422805863	30.77
202.11112042603725	38.400000000000006
206.5575508180799	39.07000000000001
207.24052885501612	39.129999999999995
209.63137551386632	39.400000000000006
226.33285333795277	41.22
229.63756225812713	41.57000000000001
249.64390639445006	43.650000000000006
260.5609828810141	44.78
269.65993343431194	46.099999999999994
289.66943262931454	48.989999999999995
300.73218982956746	50.599999999999994
309.6760775388081	52.739999999999995
328.9997665647108	57.43000000000001
329.69234219150445	57.459999999999994
349.69910222898307	58.53
357.2799487797525	58.94
369.70590649839437	58.980000000000004
385.53155473927865	59.03
385.80358383449135	59.03
    102	3	0	0.35	30	0.3 
0.0	57.16
0.21840329665794722	57.15
25.57123383761815	51.04
27.134428314956022	50.66
53.42406293005636	41.29
56.402065564930844	40.57
63.158876652556415	39.16
77.8524822978094	35.63
77.93488692455142	31.04
93.62570587172276	31.04
195.95684422805863	31.04
202.11112042603725	38.67
206.5575508180799	39.34
207.24052885501612	39.4
209.63137551386632	39.67
226.33285333795277	41.49
229.63756225812713	41.84
249.64390639445006	43.92
260.5609828810141	45.05
269.65993343431194	46.37
289.66943262931454	49.26
300.73218982956746	50.87
309.6760775388081	53.01
328.9997665647108	57.7
329.69234219150445	57.73
349.69910222898307	58.8
357.2799487797525	59.21
369.70590649839437	59.25
385.53155473927865	59.3
385.80358383449135	59.3
    103	3	0	0.35	30	0.3 
0.0	57.06999999999999
0.21840329665794722	57.06
25.57123383761815	50.95
27.134428314956022	50.56999999999999
53.42406293005636	41.2
56.402065564930844	40.480000000000004
63.158876652556415	39.06999999999999
77.8524822978094	35.540000000000006
77.93488692455142	30.95
93.62570587172276	30.95
195.95684422805863	30.95
202.11112042603725	38.58
206.5575508180799	39.25
207.24052885501612	39.31
209.63137551386632	39.58
226.33285333795277	41.400000000000006
229.63756225812713	41.75
249.64390639445006	43.83
260.5609828810141	44.959999999999994
269.65993343431194	46.28
289.66943262931454	49.17
300.73218982956746	50.78
309.6760775388081	52.92
328.9997665647108	57.61
329.69234219150445	57.64
349.69910222898307	58.709999999999994
357.2799487797525	59.120000000000005
369.70590649839437	59.16
385.53155473927865	59.209999999999994
385.80358383449135	59.209999999999994
    104	3	0	0.35	30	0.3 
0.0	56.959999999999994
0.21840329665794722	56.95
25.57123383761815	50.84
27.134428314956022	50.459999999999994
53.42406293005636	41.09
56.402065564930844	40.370000000000005
63.158876652556415	38.959999999999994
77.8524822978094	35.43000000000001
77.93488692455142	30.84
93.62570587172276	30.84
195.95684422805863	30.84
202.11112042603725	38.47
206.5575508180799	39.14
207.24052885501612	39.2
209.63137551386632	39.47
226.33285333795277	41.290000000000006
229.63756225812713	41.64
249.64390639445006	43.72
260.5609828810141	44.849999999999994
269.65993343431194	46.17
289.66943262931454	49.06
300.73218982956746	50.67
309.6760775388081	52.81
328.9997665647108	57.5
329.69234219150445	57.53
349.69910222898307	58.599999999999994
357.2799487797525	59.010000000000005
369.70590649839437	59.05
385.53155473927865	59.099999999999994
385.80358383449135	59.099999999999994
    105	3	0	0.35	30	0.3 
0.0	56.9
0.21840329665794722	56.89
25.57123383761815	50.78
27.134428314956022	50.4
53.42406293005636	41.03
56.402065564930844	40.31
63.158876652556415	38.9
77.8524822978094	35.370000000000005
77.93488692455142	30.78
93.62570587172276	30.78
195.95684422805863	30.78
202.11112042603725	38.410000000000004
206.5575508180799	39.080000000000005
207.24052885501612	39.14
209.63137551386632	39.410000000000004
226.33285333795277	41.230000000000004
229.63756225812713	41.580000000000005
249.64390639445006	43.660000000000004
260.5609828810141	44.79
269.65993343431194	46.11
289.66943262931454	49.0
300.73218982956746	50.61
309.6760775388081	52.75
328.9997665647108	57.440000000000005
329.69234219150445	57.47
349.69910222898307	58.54
357.2799487797525	58.95
369.70590649839437	58.99
385.53155473927865	59.04
385.80358383449135	59.04
    106	3	0	0.35	30	0.3 
0.0	56.79
0.21840329665794722	56.78
25.57123383761815	50.67
27.134428314956022	50.29
53.42406293005636	40.92
56.402065564930844	40.2
63.158876652556415	38.79
77.8524822978094	35.260000000000005
77.93488692455142	30.67
93.62570587172276	30.67
195.95684422805863	30.67
202.11112042603725	38.300000000000004
206.5575508180799	38.970000000000006
207.24052885501612	39.03
209.63137551386632	39.300000000000004
226.33285333795277	41.120000000000005
229.63756225812713	41.470000000000006
249.64390639445006	43.550000000000004
260.5609828810141	44.68
269.65993343431194	46.0
289.66943262931454	48.89
300.73218982956746	50.5
309.6760775388081	52.64
328.9997665647108	57.330000000000005
329.69234219150445	57.36
349.69910222898307	58.43
357.2799487797525	58.84
369.70590649839437	58.88
385.53155473927865	58.93
385.80358383449135	58.93
    107	3	0	0.35	30	0.3 
0.0	56.67999999999999
0.21840329665794722	56.67
25.57123383761815	50.56
27.134428314956022	50.17999999999999
53.42406293005636	40.81
56.402065564930844	40.09
63.158876652556415	38.67999999999999
77.8524822978094	35.150000000000006
77.93488692455142	30.56
93.62570587172276	30.56
195.95684422805863	30.56
202.11112042603725	38.19
206.5575508180799	38.86
207.24052885501612	38.92
209.63137551386632	39.19
226.33285333795277	41.010000000000005
229.63756225812713	41.36
249.64390639445006	43.44
260.5609828810141	44.56999999999999
269.65993343431194	45.89
289.66943262931454	48.78
300.73218982956746	50.39
309.6760775388081	52.53
328.9997665647108	57.22
329.69234219150445	57.25
349.69910222898307	58.31999999999999
357.2799487797525	58.730000000000004
369.70590649839437	58.769999999999996
385.53155473927865	58.81999999999999
385.80358383449135	58.81999999999999
    108	3	0	0.35	30	0.3 
0.0	56.56999999999999
0.21840329665794722	56.56
25.57123383761815	50.45
27.134428314956022	50.06999999999999
53.42406293005636	40.7
56.402065564930844	39.980000000000004
63.158876652556415	38.56999999999999
77.8524822978094	35.040000000000006
77.93488692455142	30.45
93.62570587172276	30.45
195.95684422805863	30.45
202.11112042603725	38.08
206.5575508180799	38.75
207.24052885501612	38.81
209.63137551386632	39.08
226.33285333795277	40.900000000000006
229.63756225812713	41.25
249.64390639445006	43.33
260.5609828810141	44.459999999999994
269.65993343431194	45.78
289.66943262931454	48.67
300.73218982956746	50.28
309.6760775388081	52.42
328.9997665647108	57.11
329.69234219150445	57.14
349.69910222898307	58.209999999999994
357.2799487797525	58.620000000000005
369.70590649839437	58.66
385.53155473927865	58.709999999999994
385.80358383449135	58.709999999999994
    109	3	0	0.35	30	0.3 
0.0	56.459999999999994
0.21840329665794722	56.45
25.57123383761815	50.34
27.134428314956022	49.959999999999994
53.42406293005636	40.59
56.402065564930844	39.870000000000005
63.158876652556415	38.459999999999994
77.8524822978094	34.93000000000001
77.93488692455142	30.34
93.62570587172276	30.34
195.95684422805863	30.34
202.11112042603725	37.97
206.5575508180799	38.64
207.24052885501612	38.7
209.63137551386632	38.97
226.33285333795277	40.790000000000006
229.63756225812713	41.14
249.64390639445006	43.22
260.5609828810141	44.349999999999994
269.65993343431194	45.67
289.66943262931454	48.56
300.73218982956746	50.17
309.6760775388081	52.31
328.9997665647108	57.0
329.69234219150445	57.03
349.69910222898307	58.099999999999994
357.2799487797525	58.510000000000005
369.70590649839437	58.55
385.53155473927865	58.599999999999994
385.80358383449135	58.599999999999994
    110	3	0	0.35	30	0.3 
0.0	56.349999999999994
0.21840329665794722	56.34
25.57123383761815	50.230000000000004
27.134428314956022	49.849999999999994
53.42406293005636	40.480000000000004
56.402065564930844	39.760000000000005
63.158876652556415	38.349999999999994
77.8524822978094	34.82000000000001
77.93488692455142	30.23
93.62570587172276	30.23
195.95684422805863	30.23
202.11112042603725	37.86
206.5575508180799	38.53
207.24052885501612	38.59
209.63137551386632	38.86
226.33285333795277	40.68000000000001
229.63756225812713	41.03
249.64390639445006	43.11
260.5609828810141	44.239999999999995
269.65993343431194	45.56
289.66943262931454	48.45
300.73218982956746	50.06
309.6760775388081	52.2
328.9997665647108	56.89
329.69234219150445	56.92
349.69910222898307	57.989999999999995
357.2799487797525	58.400000000000006
369.70590649839437	58.44
385.53155473927865	58.489999999999995
385.80358383449135	58.489999999999995
    111	3	0	0.35	30	0.3 
0.0	56.239999999999995
0.21840329665794722	56.230000000000004
25.57123383761815	50.120000000000005
27.134428314956022	49.739999999999995
53.42406293005636	40.370000000000005
56.402065564930844	39.650000000000006
63.158876652556415	38.239999999999995
77.8524822978094	34.71000000000001
77.93488692455142	30.12
93.62570587172276	30.12
195.95684422805863	30.12
202.11112042603725	37.75
206.5575508180799	38.42
207.24052885501612	38.480000000000004
209.63137551386632	38.75
226.33285333795277	40.57000000000001
229.63756225812713	40.92
249.64390639445006	43.0
260.5609828810141	44.129999999999995
269.65993343431194	45.45
289.66943262931454	48.34
300.73218982956746	49.95
309.6760775388081	52.09
328.9997665647108	56.78
329.69234219150445	56.81
349.69910222898307	57.879999999999995
357.2799487797525	58.290000000000006
369.70590649839437	58.33
385.53155473927865	58.379999999999995
385.80358383449135	58.379999999999995
    112	3	0	0.35	30	0.3 
0.0	56.14
0.21840329665794722	56.129999999999995
25.57123383761815	50.019999999999996
27.134428314956022	49.64
53.42406293005636	40.269999999999996
56.402065564930844	39.55
63.158876652556415	38.14
77.8524822978094	34.61
77.93488692455142	30.02
93.62570587172276	30.02
195.95684422805863	30.02
202.11112042603725	37.650000000000006
206.5575508180799	38.32000000000001
207.24052885501612	38.379999999999995
209.63137551386632	38.650000000000006
226.33285333795277	40.47
229.63756225812713	40.82000000000001
249.64390639445006	42.900000000000006
260.5609828810141	44.03
269.65993343431194	45.349999999999994
289.66943262931454	48.239999999999995
300.73218982956746	49.849999999999994
309.6760775388081	51.989999999999995
328.9997665647108	56.68000000000001
329.69234219150445	56.709999999999994
349.69910222898307	57.78
357.2799487797525	58.19
369.70590649839437	58.230000000000004
385.53155473927865	58.28
385.80358383449135	58.28
    113	3	0	0.35	30	0.3 
0.0	56.03
0.21840329665794722	56.019999999999996
25.57123383761815	49.91
27.134428314956022	49.53
53.42406293005636	40.16
56.402065564930844	39.44
63.158876652556415	38.03
77.8524822978094	34.5
77.93488692455142	29.91
93.62570587172276	29.91
195.95684422805863	29.91
202.11112042603725	37.540000000000006
206.5575508180799	38.21000000000001
207.24052885501612	38.269999999999996
209.63137551386632	38.540000000000006
226.33285333795277	40.36
229.63756225812713	40.71000000000001
249.64390639445006	42.790000000000006
260.5609828810141	43.92
269.65993343431194	45.239999999999995
289.66943262931454	48.129999999999995
300.73218982956746	49.739999999999995
309.6760775388081	51.879999999999995
328.9997665647108	56.57000000000001
329.69234219150445	56.599999999999994
349.69910222898307	57.67
357.2799487797525	58.08
369.70590649839437	58.120000000000005
385.53155473927865	58.17
385.80358383449135	58.17
    114	3	0	0.35	30	0.3 
0.0	55.87
0.21840329665794722	55.86
25.57123383761815	49.75
27.134428314956022	49.37
53.42406293005636	40.0
56.402065564930844	39.28
63.158876652556415	37.87
77.8524822978094	34.34
77.93488692455142	29.75
93.62570587172276	29.75
195.95684422805863	29.75
202.11112042603725	37.38
206.5575508180799	38.050000000000004
207.24052885501612	38.11
209.63137551386632	38.38
226.33285333795277	40.2
229.63756225812713	40.550000000000004
249.64390639445006	42.63
260.5609828810141	43.76
269.65993343431194	45.08
289.66943262931454	47.97
300.73218982956746	49.58
309.6760775388081	51.72
328.9997665647108	56.410000000000004
329.69234219150445	56.44
349.69910222898307	57.51
357.2799487797525	57.92
369.70590649839437	57.96
385.53155473927865	58.01
385.80358383449135	58.01
    115	3	0	0.35	30	0.3 
0.0	55.769999999999996
0.21840329665794722	55.76
25.57123383761815	49.65
27.134428314956022	49.269999999999996
53.42406293005636	39.9
56.402065564930844	39.18
63.158876652556415	37.769999999999996
77.8524822978094	34.24
77.93488692455142	29.65
93.62570587172276	29.65
195.95684422805863	29.65
202.11112042603725	37.28
206.5575508180799	37.95
207.24052885501612	38.01
209.63137551386632	38.28
226.33285333795277	40.1
229.63756225812713	40.45
249.64390639445006	42.53
260.5609828810141	43.66
269.65993343431194	44.98
289.66943262931454	47.87
300.73218982956746	49.48
309.6760775388081	51.62
328.9997665647108	56.31
329.69234219150445	56.339999999999996
349.69910222898307	57.41
357.2799487797525	57.82
369.70590649839437	57.86
385.53155473927865	57.91
385.80358383449135	57.91
    116	3	0	0.35	30	0.3 
0.0	55.66
0.21840329665794722	55.65
25.57123383761815	49.54
27.134428314956022	49.16
53.42406293005636	39.79
56.402065564930844	39.07
63.158876652556415	37.66
77.8524822978094	34.13
77.93488692455142	29.54
93.62570587172276	29.54
195.95684422805863	29.54
202.11112042603725	37.17
206.5575508180799	37.84
207.24052885501612	37.9
209.63137551386632	38.17
226.33285333795277	39.99
229.63756225812713	40.34
249.64390639445006	42.42
260.5609828810141	43.55
269.65993343431194	44.87
289.66943262931454	47.76
300.73218982956746	49.37
309.6760775388081	51.51
328.9997665647108	56.2
329.69234219150445	56.23
349.69910222898307	57.3
357.2799487797525	57.71
369.70590649839437	57.75
385.53155473927865	57.8
385.80358383449135	57.8
