1 4 1 1 108 100 523.7935515436633
2 4 2 1 109 100 523.7935515436633
3 4 3 1 110 100 523.7935515436633
4 4 4 1 110 99 523.7935515436633
5 4 5 1 111 99 523.7935515436633
6 4 6 1 111 98 523.7935515436633
7 4 7 1 112 98 523.7935515436633
8 4 8 1 113 98 523.7935515436633
9 4 9 1 113 97 523.7935515436633
10 4 10 1 114 97 523.7935515436633
11 4 11 1 115 97 523.7935515436633
12 4 12 1 116 97 523.7935515436633
13 4 13 1 116 96 523.7935515436633
14 4 14 1 116 95 523.7935515436633
15 4 15 1 117 95 523.7935515436633
16 4 16 1 117 94 523.7935515436633
17 4 17 1 118 94 523.7935515436633
18 4 18 1 118 93 523.7935515436633
19 4 19 1 119 93 523.7935515436633
20 4 20 1 119 92 523.7935515436633
21 4 21 1 120 93 523.7935515436633
22 4 22 1 121 93 523.7935515436633
23 4 23 1 122 93 523.7935515436633
24 4 24 1 123 93 523.7935515436633
25 4 25 1 123 94 523.7935515436633
26 4 26 1 124 94 523.7935515436633
27 4 27 1 125 94 523.7935515436633
28 4 28 1 125 95 523.7935515436633
29 4 29 1 126 95 523.7935515436633
30 4 30 1 127 95 523.7935515436633
31 4 31 1 127 96 523.7935515436633
32 4 32 1 128 96 523.7935515436633
33 4 33 1 129 96 523.7935515436633
34 4 34 1 130 96 523.7935515436633
35 4 35 1 131 96 523.7935515436633
36 4 36 1 131 95 523.7935515436633
37 4 37 1 132 95 523.7935515436633
38 4 38 1 133 95 523.7935515436633
39 4 39 1 133 94 523.7935515436633
40 4 40 1 134 94 523.7935515436633
41 4 41 1 134 93 523.7935515436633
42 4 42 1 135 93 523.7935515436633
43 4 43 1 135 92 523.7935515436633
44 4 44 1 136 92 523.7935515436633
45 4 45 1 136 91 523.7935515436633
46 4 46 1 136 90 523.7935515436633
47 4 47 1 137 90 523.7935515436633
48 4 48 1 137 89 523.7935515436633
49 4 49 1 138 89 523.7935515436633
50 4 50 1 138 88 523.7935515436633
51 4 51 1 139 88 523.7935515436633
52 4 52 1 139 87 523.7935515436633
53 4 53 1 140 87 523.7935515436633
54 4 54 1 140 86 523.7935515436633
55 4 55 1 140 85 523.7935515436633
56 4 56 1 141 85 523.7935515436633
57 4 57 1 141 84 523.7935515436633
58 4 58 1 140 83 523.7935515436633
59 4 59 1 140 82 523.7935515436633
60 4 60 1 139 82 523.7935515436633
61 4 61 1 139 81 523.7935515436633
62 4 62 1 139 80 523.7935515436633
63 4 63 1 138 80 523.7935515436633
64 4 64 1 138 79 523.7935515436633
65 4 65 1 137 79 523.7935515436633
66 4 66 1 137 78 523.7935515436633
67 4 67 1 137 77 523.7935515436633
68 4 68 1 136 77 523.7935515436633
69 4 69 1 136 76 523.7935515436633
70 4 70 1 136 75 523.7935515436633
71 4 71 1 135 75 523.7935515436633
72 4 72 1 135 74 523.7935515436633
73 4 73 1 135 73 523.7935515436633
74 4 74 1 134 73 523.7935515436633
75 4 75 1 134 72 523.7935515436633
76 4 76 1 134 71 523.7935515436633
77 4 77 1 134 70 523.7935515436633
78 4 78 1 134 69 523.7935515436633
79 4 79 1 134 68 523.7935515436633
80 4 80 1 134 67 523.7935515436633
81 4 81 1 135 67 523.7935515436633
82 4 82 1 135 66 523.7935515436633
83 4 83 1 136 66 523.7935515436633
84 4 84 1 136 65 523.7935515436633
85 4 85 1 137 65 523.7935515436633
86 4 86 1 138 65 523.7935515436633
87 4 87 1 139 65 523.7935515436633
88 4 88 1 139 64 523.7935515436633
89 4 89 1 140 64 523.7935515436633
90 4 90 1 141 64 523.7935515436633
91 4 91 1 142 64 523.7935515436633
92 4 92 1 143 64 523.7935515436633
93 4 93 1 143 65 523.7935515436633
94 4 94 1 144 64 523.7935515436633
95 4 95 1 145 64 523.7935515436633
96 4 96 1 146 64 523.7935515436633
97 4 97 1 147 64 523.7935515436633
98 4 98 1 148 64 523.7935515436633
99 4 99 1 149 64 523.7935515436633
100 4 100 1 150 64 523.7935515436633
101 4 101 1 151 64 523.7935515436633
102 4 102 1 152 64 523.7935515436633
103 4 103 1 153 64 523.7935515436633
104 4 104 1 154 64 523.7935515436633
105 4 105 1 154 63 523.7935515436633
106 4 106 1 155 63 523.7935515436633
107 4 107 1 156 63 523.7935515436633
108 4 108 1 157 62 523.7935515436633
109 4 109 1 158 62 523.7935515436633
110 4 110 1 159 62 523.7935515436633
111 4 111 1 160 62 523.7935515436633
112 4 112 1 161 62 523.7935515436633
113 4 113 1 162 62 523.7935515436633
114 4 114 1 163 61 523.7935515436633
115 4 115 1 164 61 523.7935515436633
116 4 116 1 165 61 523.7935515436633
