0	130.0
86400	130.0
172800	129.0
259200	128.0
345600	122.0
432000	102.0
518400	99.4
604800	99.4
691200	99.7
777600	98.9
864000	97.8
950400	97.6
1036800	97.2
1123200	96.7
1209600	97.2
1296000	97.2
1382400	96.9
1468800	96.6
1555200	105.0
1641600	105.0
1728000	105.0
1814400	105.0
1900800	187.0
1987200	187.0
2073600	187.0
2160000	187.0
2246400	187.0
2332800	172.0
2419200	160.0
2505600	153.0
2592000	148.0
2678400	144.0
2764800	140.0
2851200	136.0
2937600	133.0
3024000	131.0
3110400	129.0
3196800	156.0
3283200	150.0
3369600	139.0
3456000	136.0
3542400	135.0
3628800	134.0
3715200	136.0
3801600	132.0
3888000	130.0
3974400	128.0
4060800	128.0
4147200	127.0
4233600	126.0
4320000	126.0
4406400	125.0
4492800	124.0
4579200	124.0
4665600	124.0
4752000	123.0
4838400	123.0
4924800	123.0
5011200	122.0
5097600	161.0
5184000	131.0
5270400	125.0
5356800	118.0
5443200	114.0
5529600	111.0
5616000	109.0
5702400	106.0
5788800	104.0
5875200	98.0
5961600	96.0
6048000	96.2
6134400	96.2
6220800	96.2
6307200	96.2
6393600	96.2
6480000	96.2
6566400	183.0
6652800	183.0
6739200	183.0
6825600	183.0
6912000	183.0
6998400	183.0
7084800	171.0
7171200	179.0
7257600	179.0
7344000	179.0
7430400	179.0
7516800	179.0
7603200	179.0
7689600	179.0
7776000	179.0
7862400	199.0
7948800	199.0
8035200	199.0
8121600	199.0
8208000	199.0
8294400	199.0
8380800	199.0
8467200	199.0
8553600	199.0
8640000	196.0
8726400	196.0
8812800	196.0
8899200	196.0
8985600	196.0
9072000	176.0
9158400	176.0
9244800	176.0
9331200	176.0
9417600	176.0
9504000	160.0
9590400	150.0
9676800	143.0
9763200	139.0
9849600	138.0
9936000	132.0
10022400	130.0
10108800	123.0
10195200	122.0
10281600	119.0
10368000	116.0
10454400	112.0
10540800	109.0
10627200	108.0
10713600	109.0
10800000	109.0
10886400	107.0
10972800	104.0
11059200	102.0
11145600	99.5
11232000	96.0
11318400	95.5
11404800	94.1
11491200	95.2
11577600	94.7
11664000	94.8
11750400	94.4
11836800	93.3
11923200	91.4
12009600	90.9
12096000	90.8
12182400	90.1
12268800	89.1
12355200	88.1
12441600	87.8
12528000	87.8
12614400	88.7
12700800	88.8
12787200	88.1
12873600	87.9
12960000	86.6
13046400	85.8
13132800	86.4
13219200	86.4
13305600	87.1
13392000	86.8
13478400	144.0
13564800	108.0
13651200	102.0
13737600	99.6
13824000	99.1
13910400	95.5
13996800	93.5
14083200	91.7
14169600	89.3
14256000	87.9
14342400	90.4
14428800	89.8
14515200	89.7
14601600	93.6
14688000	90.8
14774400	90.2
14860800	88.0
14947200	88.5
15033600	88.0
15120000	89.1
15206400	87.8
15292800	84.5
15379200	83.3
15465600	82.8
15552000	82.6
15638400	84.4
15724800	86.1
15811200	86.1
15897600	84.1
15984000	84.0
16070400	83.9
16156800	82.6
16243200	81.4
16329600	84.4
16416000	85.7
16502400	83.7
16588800	82.5
16675200	84.9
16761600	85.9
16848000	87.5
16934400	88.6
17020800	89.7
17107200	90.7
17193600	90.8
17280000	90.7
17366400	90.9
17452800	89.9
17539200	90.6
17625600	91.0
17712000	91.2
17798400	92.9
17884800	92.8
17971200	90.4
18057600	88.2
18144000	88.0
18230400	90.2
18316800	89.8
18403200	90.6
18489600	91.1
18576000	91.1
18662400	92.6
18748800	93.6
18835200	94.1
18921600	94.1
19008000	93.3
19094400	91.3
19180800	90.6
19267200	90.9
19353600	89.1
19440000	89.2
19526400	89.6
19612800	87.7
19699200	89.0
19785600	88.6
19872000	89.1
19958400	88.7
20044800	88.3
20131200	87.6
20217600	87.6
20304000	88.5
20390400	88.1
20476800	90.6
20563200	90.8
20649600	90.2
20736000	88.2
20822400	87.4
20908800	87.5
20995200	87.6
21081600	88.7
21168000	89.6
21254400	89.0
21340800	88.4
21427200	88.1
21513600	88.9
21600000	88.4
21686400	89.2
21772800	89.6
21859200	89.5
21945600	88.2
22032000	87.9
22118400	88.0
22204800	87.4
22291200	88.4
22377600	91.1
22464000	92.1
22550400	94.8
22636800	95.3
22723200	86.3
22809600	87.3
22896000	88.0
22982400	88.2
23068800	87.5
23155200	85.9
23241600	84.7
23328000	80.2
23414400	82.5
23500800	87.1
23587200	87.0
23673600	86.0
23760000	84.3
23846400	85.3
23932800	86.5
24019200	87.1
24105600	87.2
24192000	87.2
24278400	86.4
24364800	83.8
24451200	82.6
24537600	83.0
24624000	84.9
24710400	84.4
24796800	84.7
24883200	84.4
24969600	85.5
25056000	96.0
25142400	97.0
25228800	102.0
25315200	113.0
25401600	115.0
25488000	122.0
25574400	122.0
25660800	123.0
25747200	122.0
25833600	122.0
25920000	122.0
26006400	122.0
26092800	123.0
26179200	130.0
26265600	137.0
26352000	131.0
26438400	125.0
26524800	124.0
26611200	123.0
26697600	125.0
26784000	124.0
26870400	125.0
26956800	125.0
27043200	127.0
27129600	126.0
27216000	126.0
27302400	125.0
27388800	125.0
27475200	125.0
27561600	125.0
27648000	126.0
27734400	177.0
27820800	142.0
27907200	139.0
27993600	139.0
28080000	177.0
28166400	177.0
28252800	147.0
28339200	139.0
28425600	134.0
28512000	131.0
28598400	129.0
28684800	129.0
28771200	129.0
28857600	129.0
28944000	129.0
29030400	129.0
29116800	129.0
29203200	129.0
29289600	129.0
29376000	129.0
29462400	129.0
29548800	129.0
29635200	129.0
29721600	129.0
29808000	129.0
29894400	129.0
29980800	129.0
30067200	129.0
30153600	129.0
30240000	129.0
30326400	129.0
30412800	129.0
30499200	129.0
30585600	129.0
30672000	129.0
30758400	129.0
30844800	129.0
30931200	129.0
31017600	129.0
31104000	129.0
31190400	129.0
31276800	129.0
31363200	129.0
31449600	129.0
31536000	129.0
31622400	129.0
31708800	129.0
31795200	129.0
31881600	129.0
31968000	129.0
32054400	129.0
32140800	129.0
32227200	129.0
32313600	129.0
32400000	129.0
32486400	200.0
32572800	200.0
32659200	200.0
32745600	200.0
32832000	200.0
32918400	200.0
33004800	200.0
33091200	200.0
33177600	200.0
33264000	200.0
33350400	200.0
33436800	200.0
33523200	200.0
33609600	200.0
33696000	200.0
33782400	200.0
33868800	200.0
33955200	200.0
34041600	200.0
34128000	200.0
34214400	200.0
34300800	200.0
34387200	200.0
34473600	200.0
34560000	200.0
34646400	200.0
34732800	200.0
34819200	200.0
34905600	200.0
34992000	200.0
35078400	200.0
35164800	200.0
35251200	200.0
35337600	200.0
35424000	200.0
35510400	200.0
35596800	200.0
35683200	200.0
35769600	200.0
35856000	200.0
35942400	200.0
36028800	200.0
36115200	200.0
36201600	200.0
36288000	200.0
36374400	200.0
36460800	200.0
36547200	200.0
36633600	200.0
36720000	199.0
36806400	198.0
36892800	199.0
36979200	199.0
37065600	199.0
37152000	192.0
37238400	192.0
37324800	192.0
37411200	184.0
37497600	183.0
37584000	181.0
37670400	181.0
37756800	179.0
37843200	178.0
37929600	178.0
38016000	176.0
38102400	176.0
38188800	176.0
38275200	175.0
38361600	189.0
38448000	176.0
38534400	173.0
38620800	174.0
38707200	174.0
38793600	174.0
38880000	173.0
38966400	174.0
39052800	174.0
39139200	173.0
39225600	174.0
39312000	183.0
39398400	184.0
39484800	178.0
39571200	175.0
39657600	199.0
39744000	199.0
39830400	190.0
39916800	187.0
40003200	182.0
40089600	183.0
40176000	178.0
40262400	175.0
40348800	169.0
40435200	140.0
40521600	134.0
40608000	131.0
40694400	129.0
40780800	128.0
40867200	130.0
40953600	128.0
41040000	128.0
41126400	128.0
41212800	128.0
41299200	127.0
41385600	126.0
41472000	126.0
41558400	125.0
41644800	126.0
41731200	125.0
41817600	125.0
41904000	123.0
41990400	122.0
42076800	122.0
42163200	121.0
42249600	120.0
42336000	123.0
42422400	122.0
42508800	121.0
42595200	122.0
42681600	122.0
42768000	120.0
42854400	118.0
42940800	117.0
43027200	117.0
43113600	115.0
43200000	113.0
43286400	115.0
43372800	115.0
43459200	113.0
43545600	115.0
43632000	113.0
43718400	114.0
43804800	121.0
43891200	121.0
43977600	121.0
44064000	121.0
44150400	121.0
44236800	123.0
44323200	125.0
44409600	123.0
44496000	120.0
44582400	117.0
44668800	109.0
44755200	105.0
44841600	106.0
44928000	104.0
45014400	104.0
45100800	104.0
45187200	104.0
45273600	104.0
45360000	107.0
45446400	111.0
45532800	107.0
45619200	104.0
45705600	102.0
45792000	100.0
45878400	98.9
45964800	99.8
46051200	100.0
46137600	110.0
46224000	147.0
46310400	150.0
46396800	150.0
46483200	151.0
46569600	155.0
46656000	152.0
46742400	140.0
46828800	131.0
46915200	119.0
47001600	106.0
47088000	104.0
47174400	103.0
47260800	106.0
47347200	114.0
47433600	117.0
47520000	111.0
47606400	114.0
47692800	123.0
47779200	125.0
47865600	125.0
47952000	117.0
48038400	113.0
48124800	115.0
48211200	112.0
48297600	93.7
48384000	92.1
48470400	92.9
48556800	92.1
48643200	90.8
48729600	90.0
48816000	89.3
48902400	89.5
48988800	90.3
49075200	90.1
49161600	90.8
49248000	93.3
49334400	108.0
49420800	111.0
49507200	112.0
49593600	113.0
49680000	115.0
49766400	118.0
49852800	119.0
49939200	118.0
50025600	117.0
50112000	116.0
50198400	118.0
50284800	118.0
50371200	118.0
50457600	118.0
50544000	118.0
50630400	118.0
50716800	118.0
50803200	119.0
50889600	117.0
50976000	115.0
51062400	114.0
51148800	112.0
51235200	112.0
51321600	111.0
51408000	112.0
51494400	112.0
51580800	112.0
51667200	112.0
51753600	112.0
51840000	111.0
51926400	112.0
52012800	113.0
52099200	112.0
52185600	110.0
52272000	110.0
52358400	112.0
52444800	111.0
52531200	111.0
52617600	113.0
52704000	115.0
52790400	115.0
52876800	113.0
52963200	112.0
53049600	110.0
53136000	112.0
53222400	114.0
53308800	114.0
53395200	111.0
53481600	111.0
53568000	111.0
53654400	113.0
53740800	115.0
53827200	116.0
53913600	116.0
54000000	114.0
54086400	113.0
54172800	111.0
54259200	108.0
54345600	109.0
54432000	109.0
54518400	108.0
54604800	108.0
54691200	108.0
54777600	107.0
54864000	106.0
54950400	105.0
55036800	105.0
55123200	105.0
55209600	104.0
55296000	104.0
55382400	103.0
55468800	103.0
55555200	101.0
55641600	102.0
55728000	101.0
55814400	101.0
55900800	102.0
55987200	100.0
56073600	98.7
56160000	99.6
56246400	98.8
56332800	97.5
56419200	97.8
56505600	97.6
56592000	96.6
56678400	97.2
56764800	98.9
56851200	98.9
56937600	99.8
57024000	98.9
57110400	99.5
57196800	100.0
57283200	101.0
57369600	100.0
57456000	101.0
57542400	104.0
57628800	109.0
57715200	111.0
57801600	117.0
57888000	121.0
57974400	121.0
58060800	122.0
58147200	122.0
58233600	121.0
58320000	121.0
58406400	121.0
58492800	120.0
58579200	122.0
58665600	119.0
58752000	113.0
58838400	114.0
58924800	113.0
59011200	113.0
59097600	118.0
59184000	118.0
59270400	117.0
59356800	118.0
59443200	121.0
59529600	124.0
59616000	124.0
59702400	127.0
59788800	126.0
59875200	128.0
59961600	127.0
60048000	127.0
60134400	129.0
60220800	128.0
60307200	127.0
60393600	129.0
60480000	129.0
60566400	129.0
60652800	131.0
60739200	131.0
60825600	129.0
60912000	133.0
60998400	134.0
61084800	134.0
61171200	134.0
61257600	134.0
61344000	133.0
61430400	131.0
61516800	125.0
61603200	124.0
61689600	123.0
61776000	123.0
61862400	118.0
61948800	116.0
62035200	115.0
62121600	110.0
62208000	110.0
62294400	109.0
62380800	109.0
62467200	110.0
62553600	110.0
62640000	110.0
62726400	110.0
62812800	111.0
62899200	111.0
62985600	110.0
63072000	111.0
63158400	111.0
63244800	110.0
63331200	111.0
63417600	110.0
63504000	110.0
63590400	110.0
63676800	110.0
63763200	105.0
63849600	105.0
63936000	105.0
64022400	105.0
64108800	105.0
64195200	104.0
64281600	101.0
64368000	101.0
64454400	111.0
64540800	115.0
64627200	114.0
64713600	115.0
64800000	116.0
64886400	116.0
64972800	116.0
65059200	116.0
65145600	112.0
65232000	110.0
65318400	118.0
65404800	120.0
65491200	117.0
65577600	123.0
65664000	125.0
65750400	126.0
65836800	123.0
65923200	125.0
66009600	124.0
66096000	123.0
66182400	122.0
66268800	127.0
66355200	139.0
66441600	139.0
66528000	139.0
66614400	153.0
66700800	153.0
66787200	153.0
66873600	144.0
66960000	140.0
67046400	137.0
67132800	136.0
67219200	135.0
67305600	134.0
67392000	133.0
67478400	133.0
67564800	133.0
67651200	132.0
67737600	131.0
67824000	131.0
67910400	130.0
67996800	130.0
68083200	130.0
68169600	130.0
68256000	130.0
68342400	130.0
68428800	200.0
68515200	200.0
68601600	200.0
68688000	200.0
68774400	200.0
68860800	200.0
68947200	168.0
69033600	153.0
69120000	166.0
69206400	145.0
69292800	138.0
69379200	134.0
69465600	131.0
69552000	129.0
69638400	126.0
69724800	124.0
69811200	121.0
69897600	120.0
69984000	118.0
70070400	117.0
70156800	115.0
70243200	113.0
70329600	115.0
70416000	124.0
70502400	118.0
70588800	116.0
70675200	116.0
70761600	116.0
70848000	116.0
70934400	116.0
71020800	171.0
71107200	171.0
71193600	171.0
71280000	171.0
71366400	171.0
71452800	153.0
71539200	145.0
71625600	141.0
71712000	138.0
71798400	135.0
71884800	134.0
71971200	133.0
72057600	130.0
72144000	120.0
72230400	114.0
72316800	110.0
72403200	109.0
72489600	107.0
72576000	105.0
72662400	103.0
72748800	102.0
72835200	101.0
72921600	99.8
73008000	109.0
73094400	99.7
73180800	99.1
73267200	97.4
73353600	94.8
73440000	92.8
73526400	90.9
73612800	90.4
73699200	90.1
73785600	90.1
73872000	90.1
73958400	88.2
74044800	87.0
74131200	89.5
74217600	86.7
74304000	86.3
74390400	86.4
74476800	85.3
74563200	84.2
74649600	83.7
74736000	83.0
74822400	83.8
74908800	83.6
74995200	84.0
75081600	84.3
75168000	84.9
75254400	84.7
75340800	86.3
75427200	95.3
75513600	94.4
75600000	94.6
75686400	94.7
75772800	100.0
75859200	108.0
75945600	115.0
76032000	117.0
76118400	118.0
76204800	118.0
76291200	118.0
76377600	118.0
76464000	118.0
76550400	117.0
76636800	116.0
76723200	117.0
76809600	120.0
76896000	119.0
76982400	119.0
77068800	120.0
77155200	118.0
77241600	113.0
77328000	112.0
77414400	113.0
77500800	113.0
77587200	112.0
77673600	109.0
77760000	109.0
77846400	109.0
77932800	109.0
78019200	115.0
78105600	115.0
78192000	113.0
78278400	116.0
78364800	124.0
78451200	125.0
78537600	125.0
78624000	124.0
78710400	125.0
78796800	124.0
78883200	126.0
78969600	126.0
79056000	134.0
79142400	136.0
79228800	137.0
79315200	137.0
79401600	136.0
79488000	136.0
79574400	136.0
79660800	136.0
79747200	127.0
79833600	126.0
79920000	122.0
80006400	109.0
80092800	107.0
80179200	106.0
80265600	106.0
80352000	107.0
80438400	108.0
80524800	108.0
80611200	106.0
80697600	106.0
80784000	102.0
80870400	85.5
80956800	72.5
81043200	68.2
81129600	67.0
81216000	66.7
81302400	69.0
81388800	86.0
81475200	96.4
81561600	101.0
81648000	103.0
81734400	103.0
81820800	104.0
81907200	105.0
81993600	102.0
82080000	102.0
82166400	101.0
82252800	105.0
82339200	103.0
82425600	102.0
82512000	103.0
82598400	101.0
82684800	95.2
82771200	94.1
82857600	94.4
82944000	94.0
83030400	93.3
83116800	92.9
83203200	93.2
83289600	91.8
83376000	92.6
83462400	93.6
83548800	95.1
83635200	96.0
83721600	98.8
83808000	98.7
83894400	100.0
83980800	101.0
84067200	102.0
84153600	103.0
84240000	104.0
84326400	107.0
84412800	106.0
84499200	105.0
84585600	105.0
84672000	107.0
84758400	110.0
84844800	122.0
84931200	124.0
85017600	124.0
85104000	125.0
85190400	126.0
85276800	128.0
85363200	127.0
85449600	120.0
85536000	116.0
85622400	125.0
85708800	113.0
85795200	109.0
85881600	107.0
85968000	109.0
86054400	111.0
86140800	97.3
86227200	89.8
86313600	90.7
86400000	89.8
86486400	90.1
86572800	89.4
86659200	76.9
86745600	73.8
86832000	73.6
86918400	82.8
87004800	85.2
87091200	85.5
87177600	86.9
87264000	87.1
87350400	87.0
87436800	89.9
87523200	104.0
87609600	107.0
87696000	107.0
87782400	109.0
87868800	110.0
87955200	114.0
88041600	110.0
88128000	95.7
88214400	92.6
88300800	93.2
88387200	88.8
88473600	84.3
88560000	82.0
88646400	64.1
88732800	60.0
88819200	61.7
88905600	61.1
88992000	59.9
89078400	59.3
89164800	61.2
89251200	64.6
89337600	70.5
89424000	68.0
89510400	66.4
89596800	66.1
89683200	65.9
89769600	68.2
89856000	81.5
89942400	83.9
90028800	83.7
90115200	84.1
90201600	84.9
90288000	85.6
90374400	86.0
90460800	91.2
90547200	86.9
90633600	86.4
90720000	86.5
90806400	86.2
90892800	85.9
90979200	91.8
91065600	98.2
91152000	91.1
91238400	98.2
91324800	91.2
91411200	89.8
91497600	88.4
91584000	87.5
91670400	87.1
91756800	89.9
91843200	101.0
91929600	110.0
92016000	95.8
92102400	117.0
92188800	900.0
92275200	273.0
92361600	441.0
92448000	783.0
92534400	311.0
92620800	194.0
92707200	182.0
92793600	282.0
92880000	2000.0
92966400	1920.0
93052800	839.0
93139200	464.0
93225600	559.0
93312000	980.0
93398400	1030.0
93484800	785.0
93571200	1240.0
93657600	924.0
93744000	685.0
93830400	484.0
93916800	357.0
94003200	309.0
94089600	280.0
94176000	266.0
94262400	250.0
94348800	241.0
94435200	233.0
94521600	226.0
94608000	204.0
94694400	191.0
94780800	181.0
94867200	175.0
94953600	170.0
95040000	163.0
95126400	160.0
95212800	153.0
95299200	149.0
95385600	146.0
95472000	142.0
95558400	139.0
95644800	137.0
95731200	134.0
95817600	132.0
95904000	130.0
95990400	133.0
96076800	134.0
96163200	134.0
96249600	135.0
96336000	137.0
96422400	138.0
96508800	133.0
96595200	113.0
96681600	107.0
96768000	104.0
96854400	101.0
96940800	97.7
97027200	94.0
97113600	93.0
97200000	92.3
97286400	91.5
97372800	90.4
97459200	89.7
97545600	89.6
97632000	88.3
97718400	93.1
97804800	1510.0
97891200	1950.0
97977600	1600.0
98064000	1420.0
98150400	906.0
98236800	548.0
98323200	375.0
98409600	245.0
98496000	379.0
98582400	299.0
98668800	254.0
98755200	228.0
98841600	211.0
98928000	200.0
99014400	193.0
99100800	188.0
99187200	183.0
99273600	178.0
99360000	168.0
99446400	161.0
99532800	158.0
99619200	154.0
99705600	150.0
99792000	145.0
99878400	143.0
99964800	139.0
100051200	134.0
100137600	132.0
100224000	130.0
100310400	128.0
100396800	126.0
100483200	124.0
100569600	124.0
100656000	122.0
100742400	120.0
100828800	118.0
100915200	118.0
101001600	116.0
101088000	115.0
101174400	112.0
101260800	110.0
101347200	109.0
101433600	109.0
101520000	108.0
101606400	110.0
101692800	110.0
101779200	108.0
101865600	105.0
101952000	104.0
102038400	103.0
102124800	102.0
102211200	102.0
102297600	100.0
102384000	98.6
102470400	97.9
102556800	97.1
102643200	95.8
102729600	95.7
102816000	98.7
102902400	94.5
102988800	130.0
103075200	106.0
103161600	101.0
103248000	97.0
103334400	95.0
103420800	94.2
103507200	93.2
103593600	91.2
103680000	90.3
103766400	90.0
103852800	89.0
103939200	88.9
104025600	89.0
104112000	89.0
104198400	88.9
104284800	87.9
104371200	86.9
104457600	85.6
104544000	93.4
104630400	87.7
104716800	85.6
104803200	84.1
104889600	83.0
104976000	78.3
105062400	76.0
105148800	84.6
105235200	85.9
105321600	86.4
105408000	85.7
105494400	83.0
105580800	77.5
105667200	77.9
105753600	76.4
105840000	75.7
105926400	75.2
106012800	74.1
106099200	73.8
106185600	73.7
106272000	73.3
106358400	72.1
106444800	73.1
106531200	72.0
106617600	70.8
106704000	70.7
106790400	72.1
106876800	72.6
106963200	76.0
107049600	76.7
107136000	77.0
107222400	76.3
107308800	75.5
107395200	74.9
107481600	75.7
107568000	75.6
107654400	76.7
107740800	76.1
107827200	75.3
107913600	73.9
108000000	72.6
108086400	71.7
108172800	75.1
108259200	75.6
108345600	75.0
108432000	74.8
108518400	79.4
108604800	79.3
108691200	78.8
108777600	79.1
108864000	80.1
108950400	80.2
109036800	79.2
109123200	78.2
109209600	77.6
109296000	76.9
109382400	76.7
109468800	78.7
109555200	78.8
109641600	78.0
109728000	76.6
109814400	75.5
109900800	74.7
109987200	76.1
110073600	76.6
110160000	85.6
110246400	137.0
110332800	130.0
110419200	96.4
110505600	90.4
110592000	88.8
110678400	89.2
110764800	87.8
110851200	85.8
110937600	85.8
111024000	88.2
111110400	89.6
111196800	87.6
111283200	86.8
111369600	86.2
111456000	86.0
111542400	85.5
111628800	85.1
111715200	84.7
111801600	84.4
111888000	84.6
111974400	83.7
112060800	82.2
112147200	82.4
112233600	82.3
112320000	82.1
112406400	83.6
112492800	84.3
112579200	81.8
112665600	79.9
112752000	78.6
112838400	80.5
112924800	82.7
113011200	88.9
113097600	102.0
113184000	104.0
113270400	106.0
113356800	105.0
113443200	102.0
113529600	89.8
113616000	79.2
113702400	76.6
113788800	76.0
113875200	76.2
113961600	80.2
114048000	80.8
114134400	86.0
114220800	85.7
114307200	87.6
114393600	88.6
114480000	89.7
114566400	91.2
114652800	86.3
114739200	79.9
114825600	77.8
114912000	82.8
114998400	84.5
115084800	83.5
115171200	82.9
115257600	80.8
115344000	79.3
115430400	81.3
115516800	82.1
115603200	81.9
115689600	80.5
115776000	84.0
115862400	85.2
115948800	85.1
116035200	85.3
116121600	85.5
116208000	85.2
116294400	84.1
116380800	83.6
116467200	83.6
116553600	84.7
116640000	86.3
116726400	88.4
116812800	91.4
116899200	91.4
116985600	97.8
117072000	98.9
117158400	96.9
117244800	89.9
117331200	89.4
117417600	89.6
117504000	89.5
117590400	86.0
117676800	93.6
117763200	87.6
117849600	81.4
117936000	74.3
118022400	75.9
118108800	78.9
118195200	80.6
118281600	81.5
118368000	82.4
118454400	88.2
118540800	89.9
118627200	91.1
118713600	90.6
118800000	89.8
118886400	88.4
118972800	88.6
119059200	88.5
119145600	89.8
119232000	90.0
119318400	88.5
119404800	88.2
119491200	89.1
119577600	89.6
119664000	90.9
119750400	91.4
119836800	91.5
119923200	90.7
120009600	90.4
120096000	90.6
120182400	91.1
120268800	91.9
120355200	92.6
120441600	93.0
120528000	99.2
120614400	122.0
120700800	124.0
120787200	117.0
120873600	116.0
120960000	119.0
121046400	122.0
121132800	121.0
121219200	121.0
121305600	120.0
121392000	112.0
121478400	111.0
121564800	112.0
121651200	114.0
121737600	115.0
121824000	114.0
121910400	114.0
121996800	113.0
122083200	113.0
122169600	113.0
122256000	105.0
122342400	104.0
122428800	103.0
122515200	102.0
122601600	101.0
122688000	102.0
122774400	102.0
122860800	101.0
122947200	102.0
123033600	103.0
123120000	103.0
123206400	102.0
123292800	102.0
123379200	103.0
123465600	103.0
123552000	103.0
123638400	102.0
123724800	116.0
123811200	116.0
123897600	114.0
123984000	133.0
124070400	117.0
124156800	110.0
124243200	106.0
124329600	119.0
124416000	111.0
124502400	107.0
124588800	168.0
124675200	171.0
124761600	128.0
124848000	115.0
124934400	112.0
125020800	151.0
125107200	247.0
125193600	221.0
125280000	518.0
125366400	337.0
125452800	227.0
125539200	241.0
125625600	223.0
125712000	163.0
125798400	122.0
125884800	133.0
125971200	129.0
126057600	126.0
126144000	126.0
126230400	128.0
126316800	126.0
126403200	129.0
126489600	144.0
126576000	1050.0
126662400	1420.0
126748800	894.0
126835200	473.0
126921600	436.0
127008000	407.0
127094400	299.0
127180800	231.0
127267200	638.0
127353600	494.0
127440000	465.0
127526400	623.0
127612800	1330.0
127699200	1110.0
127785600	1760.0
127872000	1100.0
127958400	703.0
128044800	731.0
128131200	726.0
128217600	548.0
128304000	496.0
128390400	411.0
128476800	320.0
128563200	336.0
128649600	375.0
128736000	262.0
128822400	242.0
128908800	287.0
128995200	227.0
129081600	187.0
129168000	163.0
129254400	156.0
129340800	155.0
129427200	158.0
129513600	150.0
129600000	142.0
129686400	137.0
129772800	133.0
129859200	130.0
129945600	127.0
130032000	125.0
130118400	122.0
130204800	121.0
130291200	122.0
130377600	130.0
130464000	144.0
130550400	223.0
130636800	162.0
130723200	134.0
130809600	127.0
130896000	123.0
130982400	121.0
131068800	123.0
131155200	122.0
131241600	121.0
131328000	119.0
131414400	115.0
131500800	114.0
131587200	116.0
131673600	116.0
131760000	653.0
131846400	1260.0
131932800	1580.0
132019200	1250.0
132105600	2000.0
132192000	2000.0
132278400	2000.0
132364800	2000.0
132451200	2000.0
132537600	1940.0
132624000	2000.0
132710400	2000.0
132796800	2000.0
132883200	2000.0
132969600	2000.0
133056000	2000.0
133142400	1620.0
133228800	2000.0
133315200	1510.0
133401600	1590.0
133488000	1650.0
133574400	1550.0
133660800	1580.0
133747200	1400.0
133833600	850.0
133920000	462.0
134006400	448.0
134092800	413.0
134179200	349.0
134265600	325.0
134352000	308.0
134438400	294.0
134524800	283.0
134611200	275.0
134697600	265.0
134784000	262.0
134870400	255.0
134956800	245.0
135043200	228.0
135129600	201.0
135216000	197.0
135302400	179.0
135388800	140.0
135475200	129.0
135561600	123.0
135648000	120.0
135734400	117.0
135820800	116.0
135907200	130.0
135993600	123.0
136080000	118.0
136166400	116.0
136252800	113.0
136339200	109.0
136425600	107.0
136512000	106.0
136598400	107.0
136684800	109.0
136771200	108.0
136857600	109.0
136944000	111.0
137030400	113.0
137116800	108.0
137203200	108.0
137289600	112.0
137376000	110.0
137462400	109.0
137548800	108.0
137635200	107.0
137721600	106.0
137808000	105.0
137894400	105.0
137980800	103.0
138067200	102.0
138153600	105.0
138240000	105.0
138326400	106.0
138412800	107.0
138499200	108.0
138585600	107.0
138672000	114.0
138758400	166.0
138844800	114.0
138931200	99.9
139017600	96.3
139104000	95.7
139190400	95.0
139276800	92.7
139363200	89.5
139449600	87.8
139536000	86.6
139622400	86.2
139708800	87.5
139795200	87.2
139881600	84.6
139968000	84.5
140054400	84.0
140140800	84.4
140227200	83.6
140313600	84.3
140400000	85.0
140486400	82.7
140572800	82.9
140659200	83.7
140745600	85.2
140832000	86.0
140918400	84.6
141004800	83.9
141091200	82.7
141177600	81.7
141264000	81.1
141350400	81.7
141436800	80.0
141523200	79.3
141609600	77.5
141696000	75.9
141782400	76.4
141868800	77.7
141955200	77.6
142041600	77.2
142128000	78.9
142214400	80.0
142300800	79.6
142387200	77.6
142473600	74.7
142560000	74.3
142646400	73.6
142732800	73.4
142819200	72.8
142905600	70.6
142992000	74.4
143078400	75.4
143164800	74.9
143251200	74.8
143337600	74.0
143424000	74.1
143510400	71.6
143596800	72.7
143683200	73.0
143769600	74.6
143856000	80.8
143942400	84.2
144028800	84.1
144115200	79.7
144201600	79.6
144288000	81.6
144374400	82.4
144460800	83.8
144547200	86.5
144633600	86.2
144720000	84.4
144806400	82.7
144892800	83.0
144979200	83.3
145065600	83.3
145152000	84.0
145238400	82.9
145324800	81.4
145411200	81.7
145497600	82.0
145584000	82.5
145670400	84.1
145756800	84.8
145843200	84.4
145929600	84.6
146016000	83.8
146102400	84.3
146188800	83.9
146275200	84.8
146361600	86.2
146448000	86.1
146534400	81.9
146620800	81.3
146707200	81.9
146793600	81.7
146880000	81.0
146966400	81.7
147052800	81.5
147139200	80.7
147225600	79.2
147312000	78.8
147398400	78.4
147484800	78.3
147571200	79.6
147657600	79.4
147744000	77.7
147830400	76.2
147916800	77.3
148003200	78.9
148089600	79.9
148176000	82.1
148262400	82.3
148348800	77.4
148435200	74.8
148521600	76.3
148608000	79.3
148694400	79.9
148780800	80.8
148867200	80.2
148953600	79.3
149040000	79.5
149126400	80.7
149212800	80.9
149299200	81.4
149385600	82.1
149472000	82.0
149558400	81.2
149644800	81.5
149731200	81.3
149817600	80.5
149904000	82.1
149990400	84.2
150076800	85.6
150163200	82.3
150249600	79.8
150336000	78.7
150422400	74.7
150508800	73.4
150595200	74.4
150681600	75.0
150768000	75.4
150854400	76.1
150940800	77.6
151027200	85.2
151113600	94.2
151200000	83.3
151286400	83.0
151372800	78.8
151459200	77.3
151545600	77.0
151632000	79.8
151718400	81.2
151804800	81.8
151891200	126.0
151977600	128.0
152064000	108.0
152150400	96.8
152236800	235.0
152323200	206.0
152409600	468.0
152496000	392.0
152582400	388.0
152668800	220.0
152755200	159.0
152841600	143.0
152928000	135.0
153014400	130.0
153100800	127.0
153187200	123.0
153273600	122.0
153360000	121.0
153446400	120.0
153532800	119.0
153619200	118.0
153705600	118.0
153792000	117.0
153878400	117.0
153964800	116.0
154051200	117.0
154137600	893.0
154224000	539.0
154310400	371.0
154396800	191.0
154483200	194.0
154569600	162.0
154656000	138.0
154742400	240.0
154828800	380.0
154915200	346.0
155001600	253.0
155088000	194.0
155174400	169.0
155260800	156.0
155347200	148.0
155433600	143.0
155520000	138.0
155606400	134.0
155692800	130.0
155779200	174.0
155865600	230.0
155952000	1020.0
156038400	474.0
156124800	407.0
156211200	343.0
156297600	387.0
156384000	2000.0
156470400	1820.0
156556800	940.0
156643200	632.0
156729600	422.0
156816000	406.0
156902400	332.0
156988800	262.0
157075200	327.0
157161600	312.0
157248000	311.0
157334400	251.0
157420800	218.0
157507200	201.0
157593600	195.0
157680000	185.0
157766400	178.0
157852800	171.0
157939200	169.0
158025600	906.0
158112000	1750.0
158198400	797.0
158284800	509.0
158371200	1110.0
158457600	2000.0
158544000	2000.0
158630400	2000.0
158716800	2000.0
158803200	2000.0
158889600	2000.0
158976000	2000.0
159062400	2000.0
159148800	2000.0
159235200	2000.0
159321600	2000.0
159408000	1890.0
159494400	2000.0
159580800	1180.0
159667200	2000.0
159753600	1320.0
159840000	2000.0
159926400	2000.0
160012800	2000.0
160099200	2000.0
160185600	2000.0
160272000	2000.0
160358400	2000.0
160444800	2000.0
160531200	2000.0
160617600	2000.0
160704000	2000.0
160790400	2000.0
160876800	2000.0
160963200	2000.0
161049600	2000.0
161136000	2000.0
161222400	2000.0
161308800	2000.0
161395200	2000.0
161481600	2000.0
161568000	2000.0
161654400	2000.0
161740800	2000.0
161827200	2000.0
161913600	2000.0
162000000	1730.0
162086400	1510.0
162172800	2000.0
162259200	2000.0
162345600	1700.0
162432000	2000.0
162518400	2000.0
162604800	2000.0
162691200	2000.0
162777600	2000.0
162864000	2000.0
162950400	2000.0
163036800	2000.0
163123200	2000.0
163209600	1810.0
163296000	1870.0
163382400	1760.0
163468800	1590.0
163555200	1480.0
163641600	1410.0
163728000	1070.0
163814400	855.0
163900800	879.0
163987200	938.0
164073600	991.0
164160000	910.0
164246400	644.0
164332800	599.0
164419200	586.0
164505600	572.0
164592000	590.0
164678400	884.0
164764800	969.0
164851200	819.0
164937600	1640.0
165024000	1240.0
165110400	965.0
165196800	878.0
165283200	896.0
165369600	1100.0
165456000	1120.0
165542400	1110.0
165628800	1100.0
165715200	1090.0
165801600	1060.0
165888000	1010.0
165974400	995.0
166060800	1210.0
166147200	1490.0
166233600	1090.0
166320000	1000.0
166406400	789.0
166492800	533.0
166579200	836.0
166665600	1070.0
166752000	944.0
166838400	856.0
166924800	813.0
167011200	904.0
167097600	1110.0
167184000	944.0
167270400	562.0
167356800	429.0
167443200	402.0
167529600	377.0
167616000	359.0
167702400	346.0
167788800	333.0
167875200	322.0
167961600	310.0
168048000	302.0
168134400	294.0
168220800	287.0
168307200	280.0
168393600	273.0
168480000	268.0
168566400	264.0
168652800	260.0
168739200	257.0
168825600	254.0
168912000	250.0
168998400	247.0
169084800	245.0
169171200	242.0
169257600	240.0
169344000	238.0
169430400	236.0
169516800	228.0
169603200	208.0
169689600	182.0
169776000	160.0
169862400	160.0
169948800	158.0
170035200	156.0
170121600	151.0
170208000	148.0
170294400	146.0
170380800	144.0
170467200	144.0
170553600	143.0
170640000	142.0
170726400	142.0
170812800	140.0
170899200	138.0
170985600	135.0
171072000	122.0
171158400	118.0
171244800	115.0
171331200	115.0
171417600	117.0
171504000	124.0
171590400	124.0
171676800	121.0
171763200	120.0
171849600	119.0
171936000	117.0
172022400	115.0
172108800	113.0
172195200	111.0
172281600	109.0
172368000	110.0
172454400	108.0
172540800	106.0
172627200	110.0
172713600	136.0
172800000	135.0
172886400	112.0
172972800	109.0
173059200	107.0
173145600	105.0
173232000	104.0
173318400	104.0
173404800	102.0
173491200	101.0
173577600	101.0
173664000	99.5
173750400	99.2
173836800	98.1
173923200	96.1
174009600	94.4
174096000	92.2
174182400	92.8
174268800	92.0
174355200	90.9
174441600	90.7
174528000	89.8
174614400	89.2
174700800	87.7
174787200	87.0
174873600	87.2
174960000	87.2
175046400	85.9
175132800	86.4
175219200	85.5
175305600	84.2
175392000	85.2
175478400	85.1
175564800	83.9
175651200	83.1
175737600	81.4
175824000	79.1
175910400	79.6
175996800	81.2
176083200	79.6
176169600	78.6
176256000	78.0
176342400	77.2
176428800	77.5
176515200	78.2
176601600	79.3
176688000	80.1
176774400	79.6
176860800	78.7
176947200	79.1
177033600	78.6
177120000	79.7
177206400	80.4
177292800	83.9
177379200	83.5
177465600	80.7
177552000	85.2
177638400	86.9
177724800	87.1
177811200	89.8
177897600	89.7
177984000	89.4
178070400	87.9
178156800	87.6
178243200	86.2
178329600	85.4
178416000	85.9
178502400	83.8
178588800	83.1
178675200	82.3
178761600	81.7
178848000	80.0
178934400	78.6
179020800	80.3
179107200	82.5
179193600	83.9
179280000	85.0
179366400	87.2
179452800	89.2
179539200	88.6
179625600	87.2
179712000	86.1
179798400	86.6
179884800	88.0
179971200	89.1
180057600	88.4
180144000	88.3
180230400	89.1
180316800	89.5
180403200	89.0
180489600	88.6
180576000	88.0
180662400	88.6
180748800	88.3
180835200	88.4
180921600	87.5
181008000	86.1
181094400	85.1
181180800	86.8
181267200	87.7
181353600	89.0
181440000	90.4
181526400	90.2
181612800	90.0
181699200	89.4
181785600	88.8
181872000	88.6
181958400	89.4
182044800	90.3
182131200	92.6
182217600	97.3
182304000	97.6
182390400	97.3
182476800	98.5
182563200	98.7
182649600	99.7
182736000	99.2
182822400	98.3
182908800	98.0
182995200	99.4
183081600	102.0
183168000	101.0
183254400	101.0
183340800	101.0
183427200	99.6
183513600	98.3
183600000	95.9
183686400	96.8
183772800	98.3
183859200	100.0
183945600	106.0
184032000	122.0
184118400	126.0
184204800	128.0
184291200	130.0
184377600	131.0
184464000	131.0
184550400	130.0
184636800	130.0
184723200	147.0
184809600	140.0
184896000	142.0
184982400	130.0
185068800	130.0
185155200	134.0
185241600	132.0
185328000	150.0
185414400	175.0
185500800	144.0
185587200	137.0
185673600	135.0
185760000	137.0
185846400	136.0
185932800	135.0
186019200	135.0
186105600	134.0
186192000	134.0
186278400	157.0
186364800	165.0
186451200	155.0
186537600	144.0
186624000	139.0
186710400	137.0
186796800	135.0
186883200	134.0
186969600	133.0
187056000	132.0
187142400	132.0
187228800	131.0
187315200	131.0
187401600	130.0
187488000	134.0
187574400	134.0
187660800	134.0
187747200	134.0
187833600	134.0
187920000	133.0
188006400	133.0
188092800	134.0
188179200	133.0
188265600	133.0
188352000	133.0
188438400	133.0
188524800	133.0
188611200	133.0
188697600	132.0
188784000	132.0
188870400	132.0
188956800	132.0
189043200	132.0
189129600	132.0
189216000	132.0
189302400	132.0
189388800	132.0
189475200	132.0
189561600	133.0
189648000	137.0
189734400	157.0
189820800	145.0
189907200	139.0
189993600	361.0
190080000	779.0
190166400	271.0
190252800	194.0
190339200	153.0
190425600	130.0
190512000	120.0
190598400	114.0
190684800	114.0
190771200	111.0
190857600	113.0
190944000	116.0
191030400	124.0
191116800	123.0
191203200	373.0
191289600	190.0
191376000	151.0
191462400	195.0
191548800	201.0
191635200	235.0
191721600	227.0
191808000	204.0
191894400	171.0
191980800	149.0
192067200	134.0
192153600	122.0
192240000	115.0
192326400	117.0
192412800	114.0
192499200	111.0
192585600	109.0
192672000	108.0
192758400	107.0
192844800	106.0
192931200	105.0
193017600	104.0
193104000	105.0
193190400	104.0
193276800	103.0
193363200	102.0
193449600	103.0
193536000	102.0
193622400	101.0
193708800	99.9
193795200	99.6
193881600	99.4
193968000	98.9
194054400	98.2
194140800	98.3
194227200	101.0
194313600	99.5
194400000	98.4
194486400	159.0
194572800	204.0
194659200	268.0
194745600	229.0
194832000	179.0
194918400	151.0
195004800	136.0
195091200	135.0
195177600	126.0
195264000	120.0
195350400	116.0
195436800	117.0
195523200	239.0
195609600	304.0
195696000	219.0
195782400	230.0
195868800	202.0
195955200	198.0
196041600	211.0
196128000	220.0
196214400	457.0
196300800	1670.0
196387200	741.0
196473600	472.0
196560000	312.0
196646400	247.0
196732800	222.0
196819200	202.0
196905600	187.0
196992000	174.0
197078400	163.0
197164800	154.0
197251200	147.0
197337600	141.0
197424000	134.0
197510400	125.0
197596800	731.0
197683200	567.0
197769600	430.0
197856000	324.0
197942400	232.0
198028800	211.0
198115200	208.0
198201600	203.0
198288000	185.0
198374400	175.0
198460800	186.0
198547200	208.0
198633600	191.0
198720000	172.0
198806400	156.0
198892800	142.0
198979200	132.0
199065600	123.0
199152000	116.0
199238400	112.0
199324800	109.0
199411200	106.0
199497600	104.0
199584000	103.0
199670400	101.0
199756800	101.0
199843200	100.0
199929600	98.8
200016000	98.1
200102400	96.9
200188800	96.1
200275200	94.3
200361600	92.6
200448000	91.8
200534400	94.6
200620800	95.0
200707200	94.6
200793600	95.4
200880000	95.4
200966400	93.8
201052800	93.3
201139200	92.5
201225600	92.0
201312000	91.6
201398400	91.0
201484800	90.0
201571200	89.8
201657600	90.3
201744000	90.0
201830400	90.5
201916800	90.8
202003200	89.9
202089600	88.4
202176000	86.7
202262400	85.6
202348800	85.1
202435200	84.6
202521600	83.5
202608000	83.3
202694400	82.0
202780800	81.7
202867200	81.2
202953600	80.4
203040000	79.7
203126400	80.0
203212800	81.1
203299200	79.8
203385600	78.2
203472000	76.9
203558400	77.0
203644800	77.3
203731200	78.2
203817600	79.1
203904000	78.3
203990400	76.8
204076800	75.4
204163200	75.0
204249600	73.4
204336000	71.5
204422400	74.7
204508800	75.9
204595200	74.8
204681600	75.6
204768000	84.6
204854400	85.0
204940800	93.1
205027200	98.7
205113600	100.0
205200000	99.9
205286400	101.0
205372800	99.5
205459200	88.4
205545600	85.0
205632000	85.3
205718400	84.6
205804800	82.6
205891200	84.6
205977600	93.1
206064000	95.2
206150400	96.0
206236800	97.6
206323200	98.0
206409600	97.3
206496000	96.0
206582400	94.0
206668800	85.3
206755200	83.7
206841600	84.8
206928000	85.0
207014400	87.8
207100800	87.4
207187200	90.2
207273600	91.3
207360000	92.4
207446400	94.2
207532800	93.4
207619200	90.6
207705600	89.2
207792000	88.3
207878400	88.0
207964800	90.4
208051200	93.8
208137600	96.6
208224000	97.2
208310400	97.9
208396800	98.3
208483200	97.7
208569600	97.1
208656000	99.3
208742400	100.0
208828800	99.6
208915200	99.2
209001600	97.0
209088000	91.2
209174400	89.6
209260800	91.9
209347200	91.8
209433600	82.7
209520000	85.3
209606400	89.2
209692800	90.0
209779200	91.1
209865600	92.4
209952000	92.1
210038400	97.0
210124800	97.6
210211200	95.7
210297600	89.7
210384000	89.4
210470400	90.1
210556800	90.5
210643200	90.6
210729600	89.7
210816000	89.6
210902400	88.7
210988800	89.5
211075200	90.3
211161600	89.4
211248000	88.4
211334400	89.5
211420800	89.3
211507200	88.3
211593600	89.3
211680000	89.7
211766400	91.1
211852800	98.0
211939200	98.4
212025600	97.1
212112000	97.3
212198400	99.2
212284800	100.0
212371200	99.0
212457600	99.0
212544000	99.5
212630400	100.0
212716800	101.0
212803200	102.0
212889600	104.0
212976000	101.0
213062400	108.0
213148800	97.0
213235200	96.1
213321600	89.2
213408000	86.9
213494400	86.5
213580800	85.3
213667200	84.8
213753600	86.3
213840000	85.7
213926400	85.2
214012800	84.6
214099200	85.5
214185600	85.0
214272000	82.3
214358400	82.0
214444800	82.3
214531200	84.3
214617600	84.8
214704000	85.8
214790400	85.3
214876800	78.1
214963200	76.3
215049600	77.8
215136000	81.0
215222400	82.5
215308800	84.5
215395200	84.3
215481600	81.3
215568000	78.4
215654400	78.3
215740800	78.8
215827200	79.7
215913600	80.2
216000000	79.5
216086400	75.4
216172800	80.6
216259200	80.9
216345600	83.7
216432000	84.8
216518400	85.1
216604800	85.4
216691200	85.5
216777600	92.1
216864000	94.4
216950400	96.6
217036800	92.2
217123200	92.5
217209600	92.9
217296000	93.2
217382400	101.0
217468800	111.0
217555200	110.0
217641600	92.8
217728000	89.2
217814400	88.7
217900800	95.4
217987200	95.1
218073600	200.0
218160000	188.0
218246400	139.0
218332800	123.0
218419200	109.0
218505600	94.4
218592000	92.0
218678400	87.2
218764800	84.8
218851200	83.8
218937600	82.9
219024000	82.4
219110400	81.5
219196800	80.9
219283200	80.5
219369600	81.0
219456000	86.3
219542400	418.0
219628800	362.0
219715200	141.0
219801600	109.0
219888000	103.0
219974400	98.1
220060800	93.9
220147200	90.4
220233600	92.8
220320000	156.0
220406400	189.0
220492800	127.0
220579200	105.0
220665600	94.6
220752000	89.8
220838400	86.9
220924800	84.7
221011200	83.0
221097600	81.5
221184000	79.9
221270400	119.0
221356800	1270.0
221443200	1080.0
221529600	451.0
221616000	1610.0
221702400	764.0
221788800	582.0
221875200	454.0
221961600	297.0
222048000	233.0
222134400	260.0
222220800	2000.0
222307200	2000.0
222393600	1050.0
222480000	644.0
222566400	579.0
222652800	488.0
222739200	409.0
222825600	376.0
222912000	305.0
222998400	186.0
223084800	133.0
223171200	156.0
223257600	185.0
223344000	202.0
223430400	172.0
223516800	149.0
223603200	148.0
223689600	1200.0
223776000	896.0
223862400	1650.0
223948800	1020.0
224035200	1360.0
224121600	1350.0
224208000	1000.0
224294400	1200.0
224380800	1290.0
224467200	1300.0
224553600	1040.0
224640000	2000.0
224726400	2000.0
224812800	2000.0
224899200	1890.0
224985600	2000.0
225072000	2000.0
225158400	2000.0
225244800	2000.0
225331200	2000.0
225417600	2000.0
225504000	2000.0
225590400	2000.0
225676800	1500.0
225763200	2000.0
225849600	2000.0
225936000	2000.0
226022400	1370.0
226108800	2000.0
226195200	2000.0
226281600	2000.0
226368000	1880.0
226454400	2000.0
226540800	2000.0
226627200	2000.0
226713600	2000.0
226800000	2000.0
226886400	2000.0
226972800	2000.0
227059200	2000.0
227145600	2000.0
227232000	1820.0
227318400	854.0
227404800	874.0
227491200	1090.0
227577600	1090.0
227664000	1030.0
227750400	926.0
227836800	1150.0
227923200	1070.0
228009600	1080.0
228096000	1260.0
228182400	1040.0
228268800	1570.0
228355200	1510.0
228441600	1410.0
228528000	1260.0
228614400	1180.0
228700800	1100.0
228787200	1190.0
228873600	839.0
228960000	506.0
229046400	814.0
229132800	800.0
229219200	816.0
229305600	821.0
229392000	824.0
229478400	814.0
229564800	783.0
229651200	709.0
229737600	699.0
229824000	665.0
229910400	644.0
229996800	629.0
230083200	586.0
230169600	533.0
230256000	506.0
230342400	491.0
230428800	477.0
230515200	464.0
230601600	433.0
230688000	388.0
230774400	373.0
230860800	362.0
230947200	354.0
231033600	346.0
231120000	324.0
231206400	275.0
231292800	249.0
231379200	238.0
231465600	224.0
231552000	203.0
231638400	195.0
231724800	183.0
231811200	155.0
231897600	145.0
231984000	138.0
232070400	131.0
232156800	125.0
232243200	119.0
232329600	113.0
232416000	109.0
232502400	179.0
232588800	353.0
232675200	415.0
232761600	653.0
232848000	937.0
232934400	570.0
233020800	486.0
233107200	494.0
233193600	454.0
233280000	389.0
233366400	354.0
233452800	333.0
233539200	318.0
233625600	308.0
233712000	298.0
233798400	290.0
233884800	283.0
233971200	278.0
234057600	274.0
234144000	271.0
234230400	267.0
234316800	257.0
234403200	232.0
234489600	208.0
234576000	189.0
234662400	183.0
234748800	180.0
234835200	176.0
234921600	175.0
235008000	175.0
235094400	174.0
235180800	174.0
235267200	174.0
235353600	173.0
235440000	170.0
235526400	161.0
235612800	126.0
235699200	119.0
235785600	115.0
235872000	113.0
235958400	112.0
236044800	111.0
236131200	109.0
236217600	108.0
236304000	107.0
236390400	106.0
236476800	106.0
236563200	108.0
236649600	108.0
236736000	109.0
236822400	109.0
236908800	108.0
236995200	108.0
237081600	107.0
237168000	107.0
237254400	107.0
237340800	106.0
237427200	108.0
237513600	106.0
237600000	106.0
237686400	109.0
237772800	109.0
237859200	110.0
237945600	110.0
238032000	110.0
238118400	111.0
238204800	110.0
238291200	111.0
238377600	107.0
238464000	105.0
238550400	104.0
238636800	104.0
238723200	103.0
238809600	103.0
238896000	104.0
238982400	103.0
239068800	103.0
239155200	104.0
239241600	104.0
239328000	102.0
239414400	102.0
239500800	105.0
239587200	105.0
239673600	103.0
239760000	103.0
239846400	105.0
239932800	106.0
240019200	110.0
240105600	110.0
240192000	98.6
240278400	98.4
240364800	98.8
240451200	97.1
240537600	98.1
240624000	96.9
240710400	99.3
240796800	98.3
240883200	95.4
240969600	96.3
241056000	99.3
241142400	100.0
241228800	98.7
241315200	100.0
241401600	98.2
241488000	96.6
241574400	96.7
241660800	97.3
241747200	97.0
241833600	96.9
241920000	97.8
242006400	97.9
242092800	98.0
242179200	96.5
242265600	96.7
242352000	98.1
242438400	97.3
242524800	95.7
242611200	94.7
242697600	94.2
242784000	93.4
242870400	92.5
242956800	91.6
243043200	93.9
243129600	95.1
243216000	95.7
243302400	94.9
243388800	96.0
243475200	95.9
243561600	94.7
243648000	93.1
243734400	94.7
243820800	95.2
243907200	93.2
243993600	92.7
244080000	94.4
244166400	96.2
244252800	97.8
244339200	101.0
244425600	102.0
244512000	101.0
244598400	96.8
244684800	93.8
244771200	93.5
244857600	93.6
244944000	93.7
245030400	93.2
245116800	92.0
245203200	94.6
245289600	96.5
245376000	97.4
245462400	95.1
245548800	94.4
245635200	94.7
245721600	94.0
245808000	94.4
245894400	93.4
245980800	93.7
246067200	93.9
246153600	93.5
246240000	93.5
246326400	92.1
246412800	91.3
246499200	92.6
246585600	93.2
246672000	92.6
246758400	107.0
246844800	110.0
246931200	112.0
247017600	112.0
247104000	112.0
247190400	109.0
247276800	108.0
247363200	107.0
247449600	107.0
247536000	109.0
247622400	131.0
247708800	134.0
247795200	135.0
247881600	135.0
247968000	136.0
248054400	136.0
248140800	137.0
248227200	136.0
248313600	137.0
248400000	137.0
248486400	137.0
248572800	138.0
248659200	133.0
248745600	106.0
248832000	103.0
248918400	103.0
249004800	104.0
249091200	116.0
249177600	119.0
249264000	120.0
249350400	131.0
249436800	123.0
249523200	121.0
249609600	121.0
249696000	134.0
249782400	385.0
249868800	660.0
249955200	191.0
250041600	146.0
250128000	127.0
250214400	364.0
250300800	1160.0
250387200	457.0
250473600	280.0
250560000	249.0
250646400	249.0
250732800	259.0
250819200	246.0
250905600	235.0
250992000	220.0
251078400	195.0
251164800	187.0
251251200	316.0
251337600	367.0
251424000	298.0
251510400	257.0
251596800	305.0
251683200	309.0
251769600	260.0
251856000	273.0
251942400	242.0
252028800	213.0
252115200	200.0
252201600	254.0
252288000	299.0
252374400	258.0
252460800	230.0
252547200	208.0
252633600	192.0
252720000	184.0
252806400	175.0
252892800	169.0
252979200	163.0
253065600	155.0
253152000	154.0
253238400	149.0
253324800	148.0
253411200	144.0
253497600	142.0
253584000	142.0
253670400	146.0
253756800	444.0
253843200	367.0
253929600	229.0
254016000	241.0
254102400	246.0
254188800	300.0
254275200	264.0
254361600	257.0
254448000	233.0
254534400	217.0
254620800	224.0
254707200	180.0
254793600	182.0
254880000	199.0
254966400	210.0
255052800	209.0
255139200	203.0
255225600	193.0
255312000	183.0
255398400	179.0
255484800	177.0
255571200	184.0
255657600	176.0
255744000	153.0
255830400	147.0
255916800	142.0
256003200	139.0
256089600	135.0
256176000	133.0
256262400	132.0
256348800	130.0
256435200	129.0
256521600	127.0
256608000	125.0
256694400	124.0
256780800	123.0
256867200	122.0
256953600	121.0
257040000	120.0
257126400	119.0
257212800	117.0
257299200	116.0
257385600	115.0
257472000	115.0
257558400	114.0
257644800	114.0
257731200	118.0
257817600	119.0
257904000	118.0
257990400	118.0
258076800	118.0
258163200	118.0
258249600	115.0
258336000	116.0
258422400	116.0
258508800	115.0
258595200	115.0
258681600	114.0
258768000	114.0
258854400	120.0
258940800	119.0
259027200	118.0
259113600	118.0
259200000	118.0
259286400	116.0
259372800	115.0
259459200	115.0
259545600	114.0
259632000	119.0
259718400	114.0
259804800	109.0
259891200	111.0
259977600	113.0
260064000	117.0
260150400	115.0
260236800	115.0
260323200	114.0
260409600	108.0
260496000	106.0
260582400	113.0
260668800	128.0
260755200	120.0
260841600	117.0
260928000	112.0
261014400	110.0
261100800	109.0
261187200	108.0
261273600	107.0
261360000	106.0
261446400	104.0
261532800	103.0
261619200	103.0
261705600	102.0
261792000	93.9
261878400	91.4
261964800	90.2
262051200	88.6
262137600	87.6
262224000	86.2
262310400	84.7
262396800	84.0
262483200	83.8
262569600	83.7
262656000	83.2
262742400	82.4
262828800	81.8
262915200	80.9
263001600	81.0
263088000	80.8
263174400	78.9
263260800	78.4
263347200	77.8
263433600	76.9
263520000	76.3
263606400	76.6
263692800	77.8
263779200	86.0
263865600	84.1
263952000	82.4
264038400	82.5
264124800	80.9
264211200	80.6
264297600	86.6
264384000	93.1
264470400	85.1
264556800	83.0
264643200	81.6
264729600	80.1
264816000	79.0
264902400	78.0
264988800	76.7
265075200	75.3
265161600	74.1
265248000	74.2
265334400	75.2
265420800	77.1
265507200	77.7
265593600	76.7
265680000	74.1
265766400	71.8
265852800	71.9
265939200	72.1
266025600	72.6
266112000	73.5
266198400	73.0
266284800	71.3
266371200	70.2
266457600	69.9
266544000	71.7
266630400	72.1
266716800	72.7
266803200	73.1
266889600	81.7
266976000	83.9
267062400	83.6
267148800	84.0
267235200	95.5
267321600	99.9
267408000	100.0
267494400	99.5
267580800	100.0
267667200	101.0
267753600	101.0
267840000	102.0
267926400	103.0
268012800	102.0
268099200	101.0
268185600	101.0
268272000	101.0
268358400	102.0
268444800	102.0
268531200	101.0
268617600	99.4
268704000	98.5
268790400	99.4
268876800	103.0
268963200	103.0
269049600	109.0
269136000	111.0
269222400	112.0
269308800	115.0
269395200	117.0
269481600	118.0
269568000	119.0
269654400	126.0
269740800	129.0
269827200	129.0
269913600	128.0
270000000	128.0
270086400	127.0
270172800	127.0
270259200	128.0
270345600	129.0
270432000	128.0
270518400	127.0
270604800	125.0
270691200	116.0
270777600	115.0
270864000	115.0
270950400	116.0
271036800	114.0
271123200	114.0
271209600	114.0
271296000	114.0
271382400	114.0
271468800	115.0
271555200	116.0
271641600	116.0
271728000	115.0
271814400	115.0
271900800	113.0
271987200	111.0
272073600	109.0
272160000	113.0
272246400	118.0
272332800	125.0
272419200	126.0
272505600	127.0
272592000	125.0
272678400	118.0
272764800	119.0
272851200	119.0
272937600	116.0
273024000	107.0
273110400	106.0
273196800	105.0
273283200	106.0
273369600	106.0
273456000	105.0
273542400	100.0
273628800	99.8
273715200	98.6
273801600	96.5
273888000	95.5
273974400	95.7
274060800	94.2
274147200	97.5
274233600	108.0
274320000	112.0
274406400	112.0
274492800	112.0
274579200	112.0
274665600	113.0
274752000	112.0
274838400	111.0
274924800	111.0
275011200	110.0
275097600	111.0
275184000	112.0
275270400	112.0
275356800	110.0
275443200	110.0
275529600	110.0
275616000	110.0
275702400	111.0
275788800	112.0
275875200	112.0
275961600	112.0
276048000	112.0
276134400	111.0
276220800	111.0
276307200	112.0
276393600	112.0
276480000	111.0
276566400	111.0
276652800	112.0
276739200	113.0
276825600	113.0
276912000	114.0
276998400	114.0
277084800	112.0
277171200	107.0
277257600	89.0
277344000	87.5
277430400	86.8
277516800	87.2
277603200	88.1
277689600	87.6
277776000	86.1
277862400	86.4
277948800	85.3
278035200	86.6
278121600	88.3
278208000	89.5
278294400	88.9
278380800	88.5
278467200	94.9
278553600	118.0
278640000	124.0
278726400	126.0
278812800	128.0
278899200	129.0
278985600	129.0
279072000	130.0
279158400	130.0
279244800	131.0
279331200	132.0
279417600	132.0
279504000	132.0
279590400	134.0
279676800	142.0
279763200	144.0
279849600	145.0
279936000	146.0
280022400	145.0
280108800	145.0
280195200	147.0
280281600	143.0
280368000	129.0
280454400	119.0
280540800	117.0
280627200	116.0
280713600	116.0
280800000	116.0
280886400	114.0
280972800	114.0
281059200	114.0
281145600	114.0
281232000	114.0
281318400	114.0
281404800	114.0
281491200	113.0
281577600	112.0
281664000	113.0
281750400	104.0
281836800	102.0
281923200	101.0
282009600	101.0
282096000	101.0
282182400	101.0
282268800	102.0
282355200	106.0
282441600	107.0
282528000	104.0
282614400	102.0
282700800	102.0
282787200	110.0
282873600	92.0
282960000	89.3
283046400	87.8
283132800	87.3
283219200	87.0
283305600	86.7
283392000	86.4
283478400	103.0
283564800	92.8
283651200	89.1
283737600	88.4
283824000	88.2
283910400	88.4
283996800	88.7
284083200	88.2
284169600	88.5
284256000	87.8
284342400	132.0
284428800	113.0
284515200	108.0
284601600	102.0
284688000	103.0
284774400	100.0
284860800	99.5
284947200	98.1
285033600	97.2
285120000	97.5
285206400	98.1
285292800	99.0
285379200	98.1
285465600	95.9
285552000	94.9
285638400	95.1
285724800	94.9
285811200	94.7
285897600	95.7
285984000	95.3
286070400	95.3
286156800	95.2
286243200	127.0
286329600	372.0
286416000	314.0
286502400	190.0
286588800	174.0
286675200	144.0
286761600	129.0
286848000	198.0
286934400	182.0
287020800	183.0
287107200	162.0
287193600	137.0
287280000	123.0
287366400	113.0
287452800	95.4
287539200	89.0
287625600	92.1
287712000	93.3
287798400	89.9
287884800	88.0
287971200	88.8
288057600	88.8
288144000	89.6
288230400	85.7
288316800	85.3
288403200	84.6
288489600	84.7
288576000	85.1
288662400	83.0
288748800	81.6
288835200	80.6
288921600	79.3
289008000	78.0
289094400	77.8
289180800	78.5
289267200	84.0
289353600	85.3
289440000	82.9
289526400	76.9
289612800	85.4
289699200	78.9
289785600	78.5
289872000	82.4
289958400	94.8
290044800	109.0
290131200	110.0
290217600	96.2
290304000	102.0
290390400	120.0
290476800	112.0
290563200	98.9
290649600	141.0
290736000	163.0
290822400	140.0
290908800	126.0
290995200	118.0
291081600	114.0
291168000	108.0
291254400	104.0
291340800	100.0
291427200	97.6
291513600	95.9
291600000	94.4
291686400	92.8
291772800	91.2
291859200	90.4
291945600	89.0
292032000	88.4
292118400	88.1
292204800	87.5
292291200	86.9
292377600	79.9
292464000	76.6
292550400	74.9
292636800	73.6
292723200	73.0
292809600	72.1
292896000	71.8
292982400	70.7
293068800	70.4
293155200	69.8
293241600	69.2
293328000	68.8
293414400	68.5
293500800	68.2
293587200	67.1
293673600	66.7
293760000	68.0
293846400	75.4
293932800	78.9
294019200	78.7
294105600	79.1
294192000	79.1
294278400	85.6
294364800	89.1
294451200	96.6
294537600	98.7
294624000	101.0
294710400	115.0
294796800	118.0
294883200	120.0
294969600	122.0
295056000	129.0
295142400	131.0
295228800	132.0
295315200	141.0
295401600	144.0
295488000	148.0
295574400	159.0
295660800	162.0
295747200	164.0
295833600	164.0
295920000	163.0
296006400	162.0
296092800	162.0
296179200	163.0
296265600	163.0
296352000	164.0
296438400	164.0
296524800	163.0
296611200	163.0
296697600	167.0
296784000	168.0
296870400	168.0
296956800	170.0
297043200	170.0
297129600	169.0
297216000	166.0
297302400	165.0
297388800	164.0
297475200	165.0
297561600	166.0
297648000	165.0
297734400	165.0
297820800	165.0
297907200	161.0
297993600	159.0
298080000	159.0
298166400	161.0
298252800	159.0
298339200	137.0
298425600	120.0
298512000	111.0
298598400	110.0
298684800	110.0
298771200	111.0
298857600	109.0
298944000	100.0
299030400	97.9
299116800	97.7
299203200	97.7
299289600	96.8
299376000	98.6
299462400	97.8
299548800	96.9
299635200	97.0
299721600	91.3
299808000	89.6
299894400	89.7
299980800	90.3
300067200	89.8
300153600	89.4
300240000	87.4
300326400	86.3
300412800	85.2
300499200	86.0
300585600	87.1
300672000	88.0
300758400	90.0
300844800	90.3
300931200	89.9
301017600	86.6
301104000	86.7
301190400	86.5
301276800	85.3
301363200	84.4
301449600	84.3
301536000	84.1
301622400	83.6
301708800	83.8
301795200	85.7
301881600	87.4
301968000	88.1
302054400	86.8
302140800	84.9
302227200	85.0
302313600	85.7
302400000	87.1
302486400	86.7
302572800	87.6
302659200	89.2
302745600	87.9
302832000	87.0
302918400	86.4
303004800	87.2
303091200	86.9
303177600	88.1
303264000	86.2
303350400	82.5
303436800	82.5
303523200	82.5
303609600	84.5
303696000	83.7
303782400	80.9
303868800	73.8
303955200	72.0
304041600	73.0
304128000	74.0
304214400	74.8
304300800	74.3
304387200	73.3
304473600	76.2
304560000	72.6
304646400	69.9
304732800	69.6
304819200	70.5
304905600	71.2
304992000	71.2
305078400	72.1
305164800	78.7
305251200	80.6
305337600	80.9
305424000	81.9
305510400	81.1
305596800	80.4
305683200	79.2
305769600	80.1
305856000	81.9
305942400	87.8
306028800	90.4
306115200	90.2
306201600	90.2
306288000	91.2
306374400	90.8
306460800	89.9
306547200	81.7
306633600	81.8
306720000	78.9
306806400	75.4
306892800	73.1
306979200	74.6
307065600	75.5
307152000	76.3
307238400	77.0
307324800	77.0
307411200	74.2
307497600	73.7
307584000	73.3
307670400	72.5
307756800	72.3
307843200	73.1
307929600	72.8
308016000	72.7
308102400	74.8
308188800	74.9
308275200	74.8
308361600	75.5
308448000	75.4
308534400	74.6
308620800	75.5
308707200	75.5
308793600	75.2
308880000	75.8
308966400	76.0
309052800	77.2
309139200	78.9
309225600	79.5
309312000	89.1
309398400	95.1
309484800	106.0
309571200	78.2
309657600	1830.0
309744000	2000.0
309830400	924.0
309916800	321.0
310003200	171.0
310089600	145.0
310176000	136.0
310262400	129.0
310348800	140.0
310435200	143.0
310521600	133.0
310608000	133.0
310694400	128.0
310780800	125.0
310867200	123.0
310953600	124.0
311040000	314.0
311126400	274.0
311212800	204.0
311299200	178.0
311385600	164.0
311472000	154.0
311558400	146.0
311644800	138.0
311731200	131.0
311817600	125.0
311904000	120.0
311990400	116.0
312076800	111.0
312163200	108.0
312249600	105.0
312336000	103.0
312422400	99.8
312508800	98.1
312595200	96.4
312681600	94.9
312768000	94.0
312854400	93.4
312940800	92.5
313027200	91.0
313113600	90.2
313200000	89.7
313286400	89.3
313372800	88.7
313459200	88.8
313545600	88.1
313632000	87.3
313718400	87.0
313804800	86.2
313891200	257.0
313977600	354.0
314064000	298.0
314150400	785.0
314236800	1160.0
314323200	510.0
314409600	334.0
314496000	212.0
314582400	171.0
314668800	156.0
314755200	183.0
314841600	656.0
314928000	874.0
315014400	726.0
315100800	705.0
315187200	672.0
315273600	492.0
315360000	436.0
315446400	361.0
315532800	309.0
