0	200.0
86400	201.0
172800	200.0
259200	198.0
345600	198.0
432000	193.0
518400	191.0
604800	194.0
691200	194.0
777600	194.0
864000	193.0
950400	193.0
1036800	191.0
1123200	191.0
1209600	192.0
1296000	192.0
1382400	191.0
1468800	192.0
1555200	197.0
1641600	262.0
1728000	2000.0
1814400	2000.0
1900800	2000.0
1987200	2000.0
2073600	1600.0
2160000	1050.0
2246400	820.0
2332800	700.0
2419200	615.0
2505600	556.0
2592000	513.0
2678400	482.0
2764800	451.0
2851200	417.0
2937600	392.0
3024000	371.0
3110400	356.0
3196800	379.0
3283200	454.0
3369600	448.0
3456000	401.0
3542400	385.0
3628800	387.0
3715200	392.0
3801600	579.0
3888000	568.0
3974400	481.0
4060800	443.0
4147200	419.0
4233600	410.0
4320000	399.0
4406400	387.0
4492800	365.0
4579200	355.0
4665600	345.0
4752000	331.0
4838400	316.0
4924800	313.0
5011200	306.0
5097600	395.0
5184000	553.0
5270400	668.0
5356800	589.0
5443200	492.0
5529600	442.0
5616000	408.0
5702400	385.0
5788800	370.0
5875200	355.0
5961600	351.0
6048000	338.0
6134400	334.0
6220800	2000.0
6307200	2000.0
6393600	2000.0
6480000	2000.0
6566400	2000.0
6652800	2000.0
6739200	2000.0
6825600	1600.0
6912000	1300.0
6998400	1160.0
7084800	1020.0
7171200	966.0
7257600	1530.0
7344000	1350.0
7430400	2000.0
7516800	2000.0
7603200	2000.0
7689600	2000.0
7776000	2000.0
7862400	2000.0
7948800	2000.0
8035200	2000.0
8121600	2000.0
8208000	2000.0
8294400	1770.0
8380800	1490.0
8467200	1260.0
8553600	1130.0
8640000	1090.0
8726400	1330.0
8812800	2000.0
8899200	2000.0
8985600	2000.0
9072000	2000.0
9158400	1740.0
9244800	1420.0
9331200	1270.0
9417600	1110.0
9504000	1010.0
9590400	940.0
9676800	869.0
9763200	802.0
9849600	771.0
9936000	778.0
10022400	736.0
10108800	712.0
10195200	691.0
10281600	677.0
10368000	614.0
10454400	581.0
10540800	548.0
10627200	527.0
10713600	509.0
10800000	488.0
10886400	461.0
10972800	440.0
11059200	418.0
11145600	399.0
11232000	381.0
11318400	362.0
11404800	348.0
11491200	330.0
11577600	321.0
11664000	314.0
11750400	307.0
11836800	300.0
11923200	288.0
12009600	277.0
12096000	267.0
12182400	260.0
12268800	256.0
12355200	250.0
12441600	244.0
12528000	238.0
12614400	241.0
12700800	242.0
12787200	236.0
12873600	233.0
12960000	228.0
13046400	222.0
13132800	216.0
13219200	207.0
13305600	200.0
13392000	199.0
13478400	200.0
13564800	197.0
13651200	193.0
13737600	189.0
13824000	183.0
13910400	179.0
13996800	174.0
14083200	172.0
14169600	166.0
14256000	165.0
14342400	161.0
14428800	153.0
14515200	143.0
14601600	135.0
14688000	132.0
14774400	131.0
14860800	128.0
14947200	134.0
15033600	136.0
15120000	141.0
15206400	138.0
15292800	135.0
15379200	131.0
15465600	122.0
15552000	122.0
15638400	122.0
15724800	129.0
15811200	135.0
15897600	133.0
15984000	126.0
16070400	126.0
16156800	125.0
16243200	120.0
16329600	118.0
16416000	126.0
16502400	126.0
16588800	120.0
16675200	116.0
16761600	118.0
16848000	121.0
16934400	129.0
17020800	145.0
17107200	151.0
17193600	155.0
17280000	154.0
17366400	146.0
17452800	142.0
17539200	140.0
17625600	141.0
17712000	138.0
17798400	136.0
17884800	126.0
17971200	119.0
18057600	124.0
18144000	127.0
18230400	138.0
18316800	136.0
18403200	128.0
18489600	121.0
18576000	127.0
18662400	124.0
18748800	121.0
18835200	133.0
18921600	136.0
19008000	129.0
19094400	127.0
19180800	133.0
19267200	143.0
19353600	137.0
19440000	142.0
19526400	147.0
19612800	141.0
19699200	141.0
19785600	138.0
19872000	138.0
19958400	142.0
20044800	150.0
20131200	146.0
20217600	137.0
20304000	138.0
20390400	132.0
20476800	125.0
20563200	129.0
20649600	133.0
20736000	132.0
20822400	133.0
20908800	133.0
20995200	132.0
21081600	137.0
21168000	137.0
21254400	141.0
21340800	144.0
21427200	141.0
21513600	132.0
21600000	136.0
21686400	138.0
21772800	144.0
21859200	142.0
21945600	141.0
22032000	141.0
22118400	141.0
22204800	141.0
22291200	141.0
22377600	138.0
22464000	141.0
22550400	144.0
22636800	141.0
22723200	130.0
22809600	134.0
22896000	134.0
22982400	136.0
23068800	141.0
23155200	142.0
23241600	142.0
23328000	139.0
23414400	134.0
23500800	134.0
23587200	132.0
23673600	130.0
23760000	127.0
23846400	124.0
23932800	127.0
24019200	132.0
24105600	135.0
24192000	135.0
24278400	137.0
24364800	138.0
24451200	141.0
24537600	144.0
24624000	144.0
24710400	147.0
24796800	146.0
24883200	148.0
24969600	146.0
25056000	151.0
25142400	153.0
25228800	159.0
25315200	165.0
25401600	169.0
25488000	183.0
25574400	191.0
25660800	207.0
25747200	199.0
25833600	190.0
25920000	190.0
26006400	190.0
26092800	193.0
26179200	191.0
26265600	195.0
26352000	205.0
26438400	205.0
26524800	201.0
26611200	202.0
26697600	202.0
26784000	200.0
26870400	186.0
26956800	178.0
27043200	176.0
27129600	176.0
27216000	172.0
27302400	172.0
27388800	173.0
27475200	170.0
27561600	166.0
27648000	171.0
27734400	228.0
27820800	307.0
27907200	267.0
27993600	321.0
28080000	1820.0
28166400	715.0
28252800	406.0
28339200	306.0
28425600	257.0
28512000	227.0
28598400	207.0
28684800	342.0
28771200	1170.0
28857600	2000.0
28944000	2000.0
29030400	2000.0
29116800	2000.0
29203200	2000.0
29289600	2000.0
29376000	2000.0
29462400	2000.0
29548800	1860.0
29635200	1410.0
29721600	1150.0
29808000	987.0
29894400	887.0
29980800	817.0
30067200	688.0
30153600	895.0
30240000	721.0
30326400	1060.0
30412800	1650.0
30499200	1100.0
30585600	882.0
30672000	2000.0
30758400	2000.0
30844800	2000.0
30931200	2000.0
31017600	2000.0
31104000	2000.0
31190400	2000.0
31276800	2000.0
31363200	2000.0
31449600	2000.0
31536000	2000.0
31622400	2000.0
31708800	2000.0
31795200	2000.0
31881600	2000.0
31968000	1880.0
32054400	2000.0
32140800	1890.0
32227200	1630.0
32313600	1470.0
32400000	1400.0
32486400	1230.0
32572800	1150.0
32659200	1040.0
32745600	980.0
32832000	944.0
32918400	910.0
33004800	845.0
33091200	827.0
33177600	793.0
33264000	776.0
33350400	771.0
33436800	743.0
33523200	693.0
33609600	698.0
33696000	673.0
33782400	640.0
33868800	620.0
33955200	600.0
34041600	585.0
34128000	570.0
34214400	561.0
34300800	550.0
34387200	541.0
34473600	529.0
34560000	523.0
34646400	519.0
34732800	510.0
34819200	508.0
34905600	510.0
34992000	502.0
35078400	493.0
35164800	485.0
35251200	476.0
35337600	468.0
35424000	464.0
35510400	457.0
35596800	451.0
35683200	444.0
35769600	440.0
35856000	442.0
35942400	450.0
36028800	446.0
36115200	437.0
36201600	431.0
36288000	425.0
36374400	423.0
36460800	417.0
36547200	413.0
36633600	410.0
36720000	403.0
36806400	398.0
36892800	398.0
36979200	395.0
37065600	394.0
37152000	635.0
37238400	840.0
37324800	647.0
37411200	555.0
37497600	509.0
37584000	483.0
37670400	465.0
37756800	451.0
37843200	440.0
37929600	430.0
38016000	422.0
38102400	414.0
38188800	409.0
38275200	404.0
38361600	410.0
38448000	454.0
38534400	457.0
38620800	425.0
38707200	408.0
38793600	402.0
38880000	387.0
38966400	377.0
39052800	374.0
39139200	369.0
39225600	364.0
39312000	370.0
39398400	391.0
39484800	390.0
39571200	380.0
39657600	418.0
39744000	545.0
39830400	504.0
39916800	453.0
40003200	440.0
40089600	446.0
40176000	421.0
40262400	407.0
40348800	397.0
40435200	388.0
40521600	378.0
40608000	373.0
40694400	366.0
40780800	354.0
40867200	342.0
40953600	339.0
41040000	338.0
41126400	334.0
41212800	329.0
41299200	326.0
41385600	321.0
41472000	319.0
41558400	319.0
41644800	315.0
41731200	307.0
41817600	302.0
41904000	300.0
41990400	294.0
42076800	288.0
42163200	268.0
42249600	253.0
42336000	233.0
42422400	217.0
42508800	192.0
42595200	177.0
42681600	166.0
42768000	157.0
42854400	146.0
42940800	136.0
43027200	129.0
43113600	122.0
43200000	118.0
43286400	112.0
43372800	112.0
43459200	112.0
43545600	105.0
43632000	102.0
43718400	98.9
43804800	99.2
43891200	101.0
43977600	105.0
44064000	101.0
44150400	95.1
44236800	96.2
44323200	107.0
44409600	107.0
44496000	101.0
44582400	92.7
44668800	88.6
44755200	82.5
44841600	76.0
44928000	76.3
45014400	80.0
45100800	79.4
45187200	78.4
45273600	73.6
45360000	68.5
45446400	74.6
45532800	79.6
45619200	78.1
45705600	76.9
45792000	72.0
45878400	71.7
45964800	73.0
46051200	72.2
46137600	72.9
46224000	77.5
46310400	77.6
46396800	77.6
46483200	80.7
46569600	82.7
46656000	92.9
46742400	115.0
46828800	122.0
46915200	125.0
47001600	115.0
47088000	96.6
47174400	82.2
47260800	79.5
47347200	78.0
47433600	76.8
47520000	85.3
47606400	82.5
47692800	86.6
47779200	90.7
47865600	92.7
47952000	95.8
48038400	88.1
48124800	83.5
48211200	79.5
48297600	80.9
48384000	80.5
48470400	77.3
48556800	80.8
48643200	91.4
48729600	98.1
48816000	95.3
48902400	87.4
48988800	78.1
49075200	75.6
49161600	84.4
49248000	90.2
49334400	88.3
49420800	88.6
49507200	87.6
49593600	87.1
49680000	94.1
49766400	97.1
49852800	101.0
49939200	99.3
50025600	93.3
50112000	87.3
50198400	91.9
50284800	94.9
50371200	90.0
50457600	90.3
50544000	93.0
50630400	90.3
50716800	86.9
50803200	87.2
50889600	86.3
50976000	84.7
51062400	83.3
51148800	83.8
51235200	83.8
51321600	85.2
51408000	85.7
51494400	91.9
51580800	94.6
51667200	88.4
51753600	85.2
51840000	79.6
51926400	79.2
52012800	78.7
52099200	81.1
52185600	80.9
52272000	82.2
52358400	85.9
52444800	81.8
52531200	83.9
52617600	85.3
52704000	87.6
52790400	86.6
52876800	89.1
52963200	89.2
53049600	87.6
53136000	86.7
53222400	85.2
53308800	87.4
53395200	88.6
53481600	88.6
53568000	93.5
53654400	94.6
53740800	93.7
53827200	93.0
53913600	97.4
54000000	93.3
54086400	87.0
54172800	88.7
54259200	83.7
54345600	91.5
54432000	92.9
54518400	94.8
54604800	96.0
54691200	95.5
54777600	94.4
54864000	94.9
54950400	87.3
55036800	96.7
55123200	106.0
55209600	109.0
55296000	105.0
55382400	96.8
55468800	90.0
55555200	86.3
55641600	84.5
55728000	82.0
55814400	81.3
55900800	86.4
55987200	85.8
56073600	85.8
56160000	82.8
56246400	86.0
56332800	90.7
56419200	91.2
56505600	89.9
56592000	86.4
56678400	87.5
56764800	86.7
56851200	88.3
56937600	92.2
57024000	93.7
57110400	91.3
57196800	85.9
57283200	81.4
57369600	78.0
57456000	75.7
57542400	79.7
57628800	83.9
57715200	90.1
57801600	91.8
57888000	84.0
57974400	82.0
58060800	84.2
58147200	82.5
58233600	85.2
58320000	86.0
58406400	87.6
58492800	84.5
58579200	86.8
58665600	86.4
58752000	89.8
58838400	91.1
58924800	89.6
59011200	86.1
59097600	85.2
59184000	86.2
59270400	89.7
59356800	94.4
59443200	106.0
59529600	120.0
59616000	117.0
59702400	114.0
59788800	113.0
59875200	109.0
59961600	109.0
60048000	109.0
60134400	107.0
60220800	106.0
60307200	108.0
60393600	108.0
60480000	109.0
60566400	110.0
60652800	110.0
60739200	108.0
60825600	109.0
60912000	113.0
60998400	120.0
61084800	121.0
61171200	123.0
61257600	122.0
61344000	121.0
61430400	121.0
61516800	122.0
61603200	120.0
61689600	115.0
61776000	115.0
61862400	114.0
61948800	112.0
62035200	109.0
62121600	102.0
62208000	99.1
62294400	97.8
62380800	96.1
62467200	95.9
62553600	95.3
62640000	95.9
62726400	94.5
62812800	90.4
62899200	88.2
62985600	87.5
63072000	85.7
63158400	83.8
63244800	82.8
63331200	80.0
63417600	77.9
63504000	73.9
63590400	69.7
63676800	66.9
63763200	64.6
63849600	62.1
63936000	58.0
64022400	57.1
64108800	55.0
64195200	54.9
64281600	52.8
64368000	50.0
64454400	47.0
64540800	44.9
64627200	43.5
64713600	40.2
64800000	38.8
64886400	38.4
64972800	36.6
65059200	35.9
65145600	35.0
65232000	31.4
65318400	29.7
65404800	30.5
65491200	30.2
65577600	28.9
65664000	28.3
65750400	25.4
65836800	26.2
65923200	29.9
66009600	32.2
66096000	33.5
66182400	35.1
66268800	43.1
66355200	56.2
66441600	1290.0
66528000	2000.0
66614400	2000.0
66700800	1730.0
66787200	969.0
66873600	691.0
66960000	546.0
67046400	465.0
67132800	440.0
67219200	455.0
67305600	412.0
67392000	361.0
67478400	312.0
67564800	277.0
67651200	246.0
67737600	225.0
67824000	209.0
67910400	192.0
67996800	254.0
68083200	1980.0
68169600	2000.0
68256000	2000.0
68342400	1810.0
68428800	1320.0
68515200	2000.0
68601600	2000.0
68688000	2000.0
68774400	2000.0
68860800	1610.0
68947200	1270.0
69033600	1070.0
69120000	1450.0
69206400	1080.0
69292800	864.0
69379200	721.0
69465600	623.0
69552000	547.0
69638400	494.0
69724800	435.0
69811200	386.0
69897600	345.0
69984000	312.0
70070400	289.0
70156800	263.0
70243200	240.0
70329600	225.0
70416000	242.0
70502400	304.0
70588800	341.0
70675200	1840.0
70761600	2000.0
70848000	1870.0
70934400	2000.0
71020800	2000.0
71107200	2000.0
71193600	1690.0
71280000	1370.0
71366400	1080.0
71452800	880.0
71539200	752.0
71625600	665.0
71712000	595.0
71798400	541.0
71884800	498.0
71971200	464.0
72057600	432.0
72144000	402.0
72230400	376.0
72316800	353.0
72403200	334.0
72489600	318.0
72576000	303.0
72662400	290.0
72748800	279.0
72835200	268.0
72921600	261.0
73008000	260.0
73094400	260.0
73180800	252.0
73267200	241.0
73353600	229.0
73440000	217.0
73526400	206.0
73612800	197.0
73699200	189.0
73785600	181.0
73872000	177.0
73958400	171.0
74044800	166.0
74131200	162.0
74217600	158.0
74304000	155.0
74390400	146.0
74476800	140.0
74563200	133.0
74649600	123.0
74736000	114.0
74822400	108.0
74908800	101.0
74995200	93.8
75081600	87.6
75168000	84.7
75254400	82.4
75340800	82.3
75427200	79.1
75513600	76.2
75600000	72.3
75686400	67.1
75772800	64.3
75859200	62.6
75945600	61.7
76032000	60.8
76118400	62.4
76204800	68.7
76291200	82.4
76377600	96.4
76464000	104.0
76550400	109.0
76636800	109.0
76723200	107.0
76809600	105.0
76896000	104.0
76982400	102.0
77068800	105.0
77155200	104.0
77241600	103.0
77328000	98.6
77414400	97.9
77500800	96.5
77587200	97.8
77673600	99.0
77760000	96.4
77846400	94.9
77932800	91.9
78019200	89.3
78105600	89.8
78192000	90.6
78278400	88.2
78364800	88.4
78451200	88.4
78537600	85.3
78624000	81.4
78710400	80.6
78796800	83.7
78883200	82.8
78969600	83.4
79056000	90.2
79142400	92.1
79228800	97.4
79315200	101.0
79401600	99.8
79488000	94.8
79574400	90.8
79660800	86.2
79747200	80.7
79833600	80.2
79920000	82.0
80006400	84.1
80092800	86.4
80179200	89.6
80265600	92.9
80352000	91.5
80438400	87.5
80524800	89.6
80611200	86.0
80697600	84.2
80784000	82.7
80870400	81.5
80956800	80.3
81043200	79.4
81129600	79.1
81216000	81.2
81302400	78.1
81388800	75.7
81475200	75.1
81561600	75.6
81648000	81.6
81734400	88.9
81820800	93.5
81907200	95.1
81993600	94.1
82080000	93.3
82166400	91.5
82252800	93.0
82339200	95.7
82425600	95.6
82512000	94.4
82598400	91.8
82684800	90.0
82771200	86.0
82857600	83.1
82944000	84.9
83030400	86.2
83116800	90.2
83203200	91.1
83289600	89.5
83376000	86.5
83462400	84.4
83548800	85.2
83635200	84.9
83721600	80.8
83808000	76.7
83894400	75.5
83980800	74.3
84067200	71.3
84153600	70.7
84240000	69.9
84326400	71.7
84412800	70.7
84499200	68.1
84585600	66.0
84672000	63.8
84758400	63.5
84844800	64.0
84931200	64.6
85017600	63.4
85104000	60.8
85190400	57.0
85276800	54.2
85363200	52.8
85449600	52.1
85536000	52.6
85622400	57.2
85708800	59.7
85795200	58.9
85881600	58.3
85968000	57.3
86054400	54.8
86140800	53.6
86227200	55.8
86313600	56.8
86400000	59.1
86486400	59.6
86572800	60.2
86659200	58.4
86745600	56.3
86832000	55.0
86918400	54.7
87004800	56.5
87091200	58.0
87177600	58.2
87264000	58.7
87350400	58.1
87436800	56.7
87523200	57.7
87609600	58.1
87696000	57.8
87782400	55.1
87868800	53.4
87955200	58.9
88041600	61.7
88128000	62.9
88214400	63.1
88300800	65.5
88387200	68.0
88473600	68.0
88560000	68.0
88646400	67.5
88732800	66.0
88819200	68.1
88905600	66.9
88992000	65.8
89078400	63.8
89164800	62.4
89251200	62.3
89337600	69.9
89424000	70.0
89510400	69.8
89596800	68.1
89683200	65.5
89769600	61.9
89856000	60.9
89942400	57.6
90028800	56.6
90115200	55.9
90201600	56.7
90288000	57.6
90374400	58.9
90460800	62.8
90547200	63.7
90633600	63.9
90720000	61.6
90806400	58.9
90892800	56.0
90979200	57.8
91065600	60.9
91152000	65.3
91238400	80.6
91324800	102.0
91411200	170.0
91497600	143.0
91584000	119.0
91670400	105.0
91756800	97.9
91843200	103.0
91929600	122.0
92016000	165.0
92102400	250.0
92188800	1800.0
92275200	2000.0
92361600	1440.0
92448000	2000.0
92534400	2000.0
92620800	1030.0
92707200	838.0
92793600	808.0
92880000	2000.0
92966400	2000.0
93052800	2000.0
93139200	2000.0
93225600	2000.0
93312000	2000.0
93398400	2000.0
93484800	2000.0
93571200	2000.0
93657600	2000.0
93744000	2000.0
93830400	2000.0
93916800	2000.0
94003200	2000.0
94089600	2000.0
94176000	1730.0
94262400	1460.0
94348800	1250.0
94435200	1110.0
94521600	991.0
94608000	876.0
94694400	802.0
94780800	749.0
94867200	687.0
94953600	646.0
95040000	615.0
95126400	558.0
95212800	533.0
95299200	522.0
95385600	493.0
95472000	489.0
95558400	445.0
95644800	421.0
95731200	402.0
95817600	393.0
95904000	373.0
95990400	344.0
96076800	349.0
96163200	348.0
96249600	334.0
96336000	343.0
96422400	327.0
96508800	297.0
96595200	280.0
96681600	267.0
96768000	254.0
96854400	245.0
96940800	234.0
97027200	223.0
97113600	213.0
97200000	204.0
97286400	198.0
97372800	191.0
97459200	185.0
97545600	180.0
97632000	176.0
97718400	172.0
97804800	2000.0
97891200	2000.0
97977600	2000.0
98064000	2000.0
98150400	2000.0
98236800	2000.0
98323200	2000.0
98409600	2000.0
98496000	1870.0
98582400	1580.0
98668800	1360.0
98755200	1220.0
98841600	1100.0
98928000	964.0
99014400	875.0
99100800	823.0
99187200	771.0
99273600	720.0
99360000	671.0
99446400	636.0
99532800	612.0
99619200	588.0
99705600	569.0
99792000	552.0
99878400	530.0
99964800	512.0
100051200	488.0
100137600	467.0
100224000	449.0
100310400	438.0
100396800	433.0
100483200	424.0
100569600	415.0
100656000	411.0
100742400	401.0
100828800	392.0
100915200	390.0
101001600	383.0
101088000	377.0
101174400	372.0
101260800	363.0
101347200	354.0
101433600	343.0
101520000	334.0
101606400	330.0
101692800	342.0
101779200	340.0
101865600	326.0
101952000	320.0
102038400	308.0
102124800	298.0
102211200	286.0
102297600	279.0
102384000	274.0
102470400	267.0
102556800	272.0
102643200	272.0
102729600	268.0
102816000	276.0
102902400	279.0
102988800	349.0
103075200	458.0
103161600	387.0
103248000	347.0
103334400	323.0
103420800	311.0
103507200	302.0
103593600	292.0
103680000	284.0
103766400	280.0
103852800	274.0
103939200	278.0
104025600	276.0
104112000	278.0
104198400	276.0
104284800	274.0
104371200	267.0
104457600	261.0
104544000	275.0
104630400	280.0
104716800	263.0
104803200	255.0
104889600	248.0
104976000	240.0
105062400	233.0
105148800	228.0
105235200	209.0
105321600	180.0
105408000	163.0
105494400	152.0
105580800	141.0
105667200	133.0
105753600	126.0
105840000	122.0
105926400	118.0
106012800	117.0
106099200	116.0
106185600	115.0
106272000	119.0
106358400	128.0
106444800	120.0
106531200	116.0
106617600	115.0
106704000	112.0
106790400	109.0
106876800	107.0
106963200	106.0
107049600	104.0
107136000	100.0
107222400	100.0
107308800	97.9
107395200	97.1
107481600	93.7
107568000	90.1
107654400	86.4
107740800	88.5
107827200	91.0
107913600	88.5
108000000	87.1
108086400	84.6
108172800	86.2
108259200	85.3
108345600	80.0
108432000	76.1
108518400	75.8
108604800	75.0
108691200	71.3
108777600	68.2
108864000	66.9
108950400	70.9
109036800	78.0
109123200	81.1
109209600	86.8
109296000	85.0
109382400	79.3
109468800	75.2
109555200	70.5
109641600	63.8
109728000	59.2
109814400	54.9
109900800	51.1
109987200	49.3
110073600	48.4
110160000	48.0
110246400	50.1
110332800	51.4
110419200	50.1
110505600	49.9
110592000	51.1
110678400	52.8
110764800	51.6
110851200	51.0
110937600	49.6
111024000	50.1
111110400	54.1
111196800	55.0
111283200	54.0
111369600	53.0
111456000	52.0
111542400	50.3
111628800	51.0
111715200	48.8
111801600	50.7
111888000	53.6
111974400	54.5
112060800	53.9
112147200	54.5
112233600	53.4
112320000	50.3
112406400	45.2
112492800	43.0
112579200	41.1
112665600	40.2
112752000	39.6
112838400	39.3
112924800	41.7
113011200	45.4
113097600	46.9
113184000	50.8
113270400	53.9
113356800	56.6
113443200	60.0
113529600	64.3
113616000	68.0
113702400	70.4
113788800	72.0
113875200	69.8
113961600	68.7
114048000	68.8
114134400	67.1
114220800	64.0
114307200	62.6
114393600	61.9
114480000	61.0
114566400	61.1
114652800	59.8
114739200	59.2
114825600	59.3
114912000	57.8
114998400	53.9
115084800	50.7
115171200	50.9
115257600	49.6
115344000	49.9
115430400	51.8
115516800	53.1
115603200	53.7
115689600	54.0
115776000	52.9
115862400	52.4
115948800	52.5
116035200	50.4
116121600	48.2
116208000	48.8
116294400	49.3
116380800	52.8
116467200	55.7
116553600	57.0
116640000	59.0
116726400	60.0
116812800	62.8
116899200	67.6
116985600	73.1
117072000	77.6
117158400	76.3
117244800	74.3
117331200	70.0
117417600	67.2
117504000	64.4
117590400	61.7
117676800	60.7
117763200	59.0
117849600	57.0
117936000	57.2
118022400	56.3
118108800	52.8
118195200	51.8
118281600	53.5
118368000	53.0
118454400	52.1
118540800	50.7
118627200	51.0
118713600	51.6
118800000	52.7
118886400	53.8
118972800	52.8
119059200	52.8
119145600	52.8
119232000	53.1
119318400	52.9
119404800	53.6
119491200	53.9
119577600	52.2
119664000	51.9
119750400	54.6
119836800	57.0
119923200	56.9
120009600	57.1
120096000	57.0
120182400	56.3
120268800	59.2
120355200	60.6
120441600	61.2
120528000	62.0
120614400	73.1
120700800	79.2
120787200	83.0
120873600	89.8
120960000	96.5
121046400	107.0
121132800	108.0
121219200	105.0
121305600	103.0
121392000	103.0
121478400	101.0
121564800	97.4
121651200	101.0
121737600	97.8
121824000	94.6
121910400	92.6
121996800	89.6
122083200	87.2
122169600	93.1
122256000	91.9
122342400	96.1
122428800	97.0
122515200	94.0
122601600	89.1
122688000	87.7
122774400	85.5
122860800	83.4
122947200	83.8
123033600	83.2
123120000	82.6
123206400	81.3
123292800	81.5
123379200	81.5
123465600	81.2
123552000	81.4
123638400	80.8
123724800	85.5
123811200	91.2
123897600	95.7
123984000	107.0
124070400	112.0
124156800	125.0
124243200	119.0
124329600	187.0
124416000	391.0
124502400	443.0
124588800	516.0
124675200	1040.0
124761600	714.0
124848000	457.0
124934400	349.0
125020800	299.0
125107200	1310.0
125193600	1190.0
125280000	1570.0
125366400	2000.0
125452800	2000.0
125539200	2000.0
125625600	2000.0
125712000	1790.0
125798400	1370.0
125884800	1140.0
125971200	1000.0
126057600	893.0
126144000	811.0
126230400	748.0
126316800	692.0
126403200	652.0
126489600	668.0
126576000	2000.0
126662400	2000.0
126748800	2000.0
126835200	2000.0
126921600	2000.0
127008000	2000.0
127094400	1760.0
127180800	1490.0
127267200	2000.0
127353600	2000.0
127440000	2000.0
127526400	2000.0
127612800	2000.0
127699200	2000.0
127785600	2000.0
127872000	2000.0
127958400	2000.0
128044800	2000.0
128131200	2000.0
128217600	2000.0
128304000	2000.0
128390400	2000.0
128476800	2000.0
128563200	2000.0
128649600	2000.0
128736000	2000.0
128822400	2000.0
128908800	2000.0
128995200	2000.0
129081600	1780.0
129168000	1580.0
129254400	1430.0
129340800	1290.0
129427200	1180.0
129513600	1080.0
129600000	998.0
129686400	927.0
129772800	866.0
129859200	815.0
129945600	765.0
130032000	723.0
130118400	684.0
130204800	652.0
130291200	634.0
130377600	751.0
130464000	1140.0
130550400	1670.0
130636800	1320.0
130723200	1070.0
130809600	942.0
130896000	863.0
130982400	805.0
131068800	761.0
131155200	724.0
131241600	689.0
131328000	659.0
131414400	635.0
131500800	612.0
131587200	625.0
131673600	815.0
131760000	1750.0
131846400	2000.0
131932800	2000.0
132019200	2000.0
132105600	2000.0
132192000	2000.0
132278400	2000.0
132364800	2000.0
132451200	2000.0
132537600	2000.0
132624000	2000.0
132710400	2000.0
132796800	2000.0
132883200	2000.0
132969600	2000.0
133056000	2000.0
133142400	2000.0
133228800	2000.0
133315200	2000.0
133401600	2000.0
133488000	2000.0
133574400	2000.0
133660800	2000.0
133747200	1860.0
133833600	1650.0
133920000	1450.0
134006400	1320.0
134092800	1220.0
134179200	1130.0
134265600	1070.0
134352000	1000.0
134438400	936.0
134524800	877.0
134611200	833.0
134697600	803.0
134784000	779.0
134870400	761.0
134956800	736.0
135043200	705.0
135129600	682.0
135216000	680.0
135302400	678.0
135388800	636.0
135475200	609.0
135561600	586.0
135648000	571.0
135734400	560.0
135820800	548.0
135907200	576.0
135993600	661.0
136080000	611.0
136166400	558.0
136252800	533.0
136339200	518.0
136425600	510.0
136512000	496.0
136598400	479.0
136684800	464.0
136771200	456.0
136857600	447.0
136944000	442.0
137030400	435.0
137116800	423.0
137203200	409.0
137289600	405.0
137376000	395.0
137462400	381.0
137548800	365.0
137635200	348.0
137721600	330.0
137808000	324.0
137894400	319.0
137980800	309.0
138067200	298.0
138153600	282.0
138240000	269.0
138326400	260.0
138412800	264.0
138499200	279.0
138585600	277.0
138672000	267.0
138758400	273.0
138844800	270.0
138931200	259.0
139017600	251.0
139104000	244.0
139190400	240.0
139276800	231.0
139363200	223.0
139449600	215.0
139536000	210.0
139622400	200.0
139708800	185.0
139795200	182.0
139881600	179.0
139968000	175.0
140054400	172.0
140140800	172.0
140227200	167.0
140313600	167.0
140400000	165.0
140486400	161.0
140572800	154.0
140659200	153.0
140745600	159.0
140832000	163.0
140918400	160.0
141004800	154.0
141091200	149.0
141177600	145.0
141264000	140.0
141350400	134.0
141436800	133.0
141523200	130.0
141609600	129.0
141696000	125.0
141782400	115.0
141868800	112.0
141955200	116.0
142041600	124.0
142128000	118.0
142214400	118.0
142300800	128.0
142387200	125.0
142473600	125.0
142560000	123.0
142646400	120.0
142732800	116.0
142819200	113.0
142905600	121.0
142992000	123.0
143078400	114.0
143164800	109.0
143251200	115.0
143337600	119.0
143424000	126.0
143510400	135.0
143596800	132.0
143683200	130.0
143769600	132.0
143856000	126.0
143942400	119.0
144028800	122.0
144115200	121.0
144201600	120.0
144288000	114.0
144374400	114.0
144460800	122.0
144547200	118.0
144633600	115.0
144720000	121.0
144806400	133.0
144892800	143.0
144979200	149.0
145065600	149.0
145152000	151.0
145238400	153.0
145324800	144.0
145411200	138.0
145497600	134.0
145584000	130.0
145670400	124.0
145756800	119.0
145843200	121.0
145929600	133.0
146016000	136.0
146102400	135.0
146188800	129.0
146275200	136.0
146361600	142.0
146448000	154.0
146534400	155.0
146620800	154.0
146707200	154.0
146793600	142.0
146880000	141.0
146966400	145.0
147052800	147.0
147139200	136.0
147225600	124.0
147312000	119.0
147398400	131.0
147484800	142.0
147571200	148.0
147657600	155.0
147744000	154.0
147830400	145.0
147916800	142.0
148003200	144.0
148089600	143.0
148176000	138.0
148262400	137.0
148348800	135.0
148435200	136.0
148521600	125.0
148608000	111.0
148694400	125.0
148780800	124.0
148867200	124.0
148953600	123.0
149040000	126.0
149126400	125.0
149212800	124.0
149299200	124.0
149385600	121.0
149472000	121.0
149558400	118.0
149644800	121.0
149731200	125.0
149817600	128.0
149904000	132.0
149990400	132.0
150076800	141.0
150163200	148.0
150249600	150.0
150336000	149.0
150422400	146.0
150508800	148.0
150595200	147.0
150681600	142.0
150768000	144.0
150854400	147.0
150940800	145.0
151027200	152.0
151113600	165.0
151200000	186.0
151286400	206.0
151372800	190.0
151459200	167.0
151545600	153.0
151632000	148.0
151718400	146.0
151804800	146.0
151891200	167.0
151977600	638.0
152064000	685.0
152150400	433.0
152236800	556.0
152323200	897.0
152409600	1270.0
152496000	1800.0
152582400	1890.0
152668800	1350.0
152755200	846.0
152841600	627.0
152928000	518.0
153014400	455.0
153100800	417.0
153187200	392.0
153273600	368.0
153360000	340.0
153446400	316.0
153532800	297.0
153619200	281.0
153705600	267.0
153792000	260.0
153878400	259.0
153964800	250.0
154051200	244.0
154137600	903.0
154224000	2000.0
154310400	1830.0
154396800	1040.0
154483200	979.0
154569600	990.0
154656000	807.0
154742400	882.0
154828800	1970.0
154915200	2000.0
155001600	1470.0
155088000	1070.0
155174400	855.0
155260800	724.0
155347200	638.0
155433600	578.0
155520000	532.0
155606400	491.0
155692800	460.0
155779200	486.0
155865600	766.0
155952000	2000.0
156038400	2000.0
156124800	2000.0
156211200	2000.0
156297600	1650.0
156384000	2000.0
156470400	2000.0
156556800	2000.0
156643200	2000.0
156729600	2000.0
156816000	2000.0
156902400	1800.0
156988800	1520.0
157075200	1720.0
157161600	2000.0
157248000	2000.0
157334400	1880.0
157420800	1670.0
157507200	1470.0
157593600	1300.0
157680000	1250.0
157766400	1180.0
157852800	1070.0
157939200	1020.0
158025600	1490.0
158112000	2000.0
158198400	2000.0
158284800	2000.0
158371200	2000.0
158457600	2000.0
158544000	2000.0
158630400	2000.0
158716800	2000.0
158803200	2000.0
158889600	2000.0
158976000	2000.0
159062400	2000.0
159148800	2000.0
159235200	2000.0
159321600	2000.0
159408000	2000.0
159494400	2000.0
159580800	2000.0
159667200	2000.0
159753600	2000.0
159840000	2000.0
159926400	2000.0
160012800	2000.0
160099200	2000.0
160185600	2000.0
160272000	2000.0
160358400	2000.0
160444800	2000.0
160531200	2000.0
160617600	2000.0
160704000	2000.0
160790400	2000.0
160876800	2000.0
160963200	2000.0
161049600	2000.0
161136000	2000.0
161222400	2000.0
161308800	2000.0
161395200	2000.0
161481600	2000.0
161568000	2000.0
161654400	2000.0
161740800	2000.0
161827200	2000.0
161913600	2000.0
162000000	2000.0
162086400	2000.0
162172800	2000.0
162259200	2000.0
162345600	2000.0
162432000	2000.0
162518400	2000.0
162604800	2000.0
162691200	2000.0
162777600	2000.0
162864000	2000.0
162950400	2000.0
163036800	2000.0
163123200	2000.0
163209600	2000.0
163296000	2000.0
163382400	2000.0
163468800	2000.0
163555200	2000.0
163641600	2000.0
163728000	2000.0
163814400	2000.0
163900800	2000.0
163987200	1860.0
164073600	1750.0
164160000	1650.0
164246400	1550.0
164332800	1360.0
164419200	1190.0
164505600	1100.0
164592000	1060.0
164678400	1490.0
164764800	2000.0
164851200	1730.0
164937600	2000.0
165024000	2000.0
165110400	2000.0
165196800	2000.0
165283200	2000.0
165369600	1810.0
165456000	1620.0
165542400	1450.0
165628800	1300.0
165715200	1180.0
165801600	1060.0
165888000	986.0
165974400	926.0
166060800	988.0
166147200	2000.0
166233600	2000.0
166320000	2000.0
166406400	2000.0
166492800	2000.0
166579200	2000.0
166665600	2000.0
166752000	2000.0
166838400	2000.0
166924800	2000.0
167011200	2000.0
167097600	1990.0
167184000	1860.0
167270400	2000.0
167356800	1870.0
167443200	1650.0
167529600	1490.0
167616000	1360.0
167702400	1300.0
167788800	1220.0
167875200	1170.0
167961600	1100.0
168048000	1050.0
168134400	986.0
168220800	935.0
168307200	887.0
168393600	847.0
168480000	815.0
168566400	783.0
168652800	755.0
168739200	737.0
168825600	707.0
168912000	682.0
168998400	659.0
169084800	645.0
169171200	634.0
169257600	616.0
169344000	599.0
169430400	589.0
169516800	573.0
169603200	560.0
169689600	547.0
169776000	530.0
169862400	513.0
169948800	490.0
170035200	466.0
170121600	444.0
170208000	427.0
170294400	418.0
170380800	414.0
170467200	406.0
170553600	397.0
170640000	392.0
170726400	384.0
170812800	376.0
170899200	370.0
170985600	365.0
171072000	352.0
171158400	339.0
171244800	332.0
171331200	325.0
171417600	318.0
171504000	325.0
171590400	338.0
171676800	326.0
171763200	313.0
171849600	300.0
171936000	290.0
172022400	276.0
172108800	266.0
172195200	254.0
172281600	247.0
172368000	235.0
172454400	231.0
172540800	222.0
172627200	214.0
172713600	203.0
172800000	191.0
172886400	195.0
172972800	191.0
173059200	187.0
173145600	189.0
173232000	150.0
173318400	156.0
173404800	205.0
173491200	197.0
173577600	192.0
173664000	193.0
173750400	179.0
173836800	177.0
173923200	167.0
174009600	144.0
174096000	123.0
174182400	115.0
174268800	132.0
174355200	145.0
174441600	156.0
174528000	163.0
174614400	153.0
174700800	141.0
174787200	132.0
174873600	126.0
174960000	126.0
175046400	128.0
175132800	130.0
175219200	136.0
175305600	147.0
175392000	146.0
175478400	148.0
175564800	138.0
175651200	131.0
175737600	130.0
175824000	127.0
175910400	122.0
175996800	132.0
176083200	151.0
176169600	159.0
176256000	156.0
176342400	142.0
176428800	140.0
176515200	138.0
176601600	143.0
176688000	165.0
176774400	167.0
176860800	159.0
176947200	151.0
177033600	142.0
177120000	146.0
177206400	138.0
177292800	150.0
177379200	156.0
177465600	159.0
177552000	151.0
177638400	143.0
177724800	138.0
177811200	131.0
177897600	132.0
177984000	137.0
178070400	128.0
178156800	123.0
178243200	125.0
178329600	121.0
178416000	120.0
178502400	124.0
178588800	122.0
178675200	122.0
178761600	132.0
178848000	136.0
178934400	128.0
179020800	121.0
179107200	126.0
179193600	172.0
179280000	171.0
179366400	177.0
179452800	184.0
179539200	180.0
179625600	167.0
179712000	161.0
179798400	154.0
179884800	157.0
179971200	163.0
180057600	161.0
180144000	154.0
180230400	154.0
180316800	146.0
180403200	141.0
180489600	139.0
180576000	135.0
180662400	132.0
180748800	127.0
180835200	123.0
180921600	126.0
181008000	127.0
181094400	127.0
181180800	131.0
181267200	128.0
181353600	130.0
181440000	129.0
181526400	133.0
181612800	133.0
181699200	138.0
181785600	138.0
181872000	140.0
181958400	138.0
182044800	135.0
182131200	137.0
182217600	141.0
182304000	144.0
182390400	142.0
182476800	148.0
182563200	154.0
182649600	164.0
182736000	172.0
182822400	174.0
182908800	176.0
182995200	177.0
183081600	184.0
183168000	185.0
183254400	190.0
183340800	192.0
183427200	192.0
183513600	199.0
183600000	187.0
183686400	178.0
183772800	179.0
183859200	180.0
183945600	175.0
184032000	177.0
184118400	176.0
184204800	179.0
184291200	180.0
184377600	186.0
184464000	181.0
184550400	182.0
184636800	182.0
184723200	196.0
184809600	241.0
184896000	292.0
184982400	257.0
185068800	233.0
185155200	224.0
185241600	240.0
185328000	267.0
185414400	550.0
185500800	492.0
185587200	362.0
185673600	297.0
185760000	268.0
185846400	284.0
185932800	350.0
186019200	308.0
186105600	266.0
186192000	244.0
186278400	269.0
186364800	551.0
186451200	601.0
186537600	469.0
186624000	391.0
186710400	344.0
186796800	312.0
186883200	289.0
186969600	269.0
187056000	255.0
187142400	250.0
187228800	247.0
187315200	241.0
187401600	235.0
187488000	233.0
187574400	229.0
187660800	224.0
187747200	220.0
187833600	222.0
187920000	215.0
188006400	213.0
188092800	208.0
188179200	209.0
188265600	206.0
188352000	204.0
188438400	202.0
188524800	198.0
188611200	198.0
188697600	198.0
188784000	199.0
188870400	203.0
188956800	203.0
189043200	195.0
189129600	197.0
189216000	195.0
189302400	194.0
189388800	193.0
189475200	194.0
189561600	191.0
189648000	200.0
189734400	229.0
189820800	417.0
189907200	346.0
189993600	661.0
190080000	2000.0
190166400	1830.0
190252800	962.0
190339200	717.0
190425600	574.0
190512000	498.0
190598400	442.0
190684800	403.0
190771200	386.0
190857600	368.0
190944000	516.0
191030400	662.0
191116800	553.0
191203200	2000.0
191289600	2000.0
191376000	1280.0
191462400	2000.0
191548800	2000.0
191635200	1740.0
191721600	1230.0
191808000	983.0
191894400	820.0
191980800	704.0
192067200	619.0
192153600	559.0
192240000	516.0
192326400	484.0
192412800	454.0
192499200	431.0
192585600	412.0
192672000	394.0
192758400	385.0
192844800	375.0
192931200	363.0
193017600	350.0
193104000	339.0
193190400	328.0
193276800	316.0
193363200	304.0
193449600	295.0
193536000	289.0
193622400	285.0
193708800	278.0
193795200	277.0
193881600	272.0
193968000	266.0
194054400	260.0
194140800	257.0
194227200	263.0
194313600	266.0
194400000	263.0
194486400	455.0
194572800	969.0
194659200	1340.0
194745600	1120.0
194832000	867.0
194918400	697.0
195004800	593.0
195091200	542.0
195177600	508.0
195264000	463.0
195350400	428.0
195436800	403.0
195523200	977.0
195609600	1550.0
195696000	1350.0
195782400	2000.0
195868800	2000.0
195955200	1930.0
196041600	1440.0
196128000	1170.0
196214400	1540.0
196300800	2000.0
196387200	2000.0
196473600	2000.0
196560000	2000.0
196646400	2000.0
196732800	1650.0
196819200	1380.0
196905600	1150.0
196992000	990.0
197078400	888.0
197164800	795.0
197251200	715.0
197337600	644.0
197424000	586.0
197510400	548.0
197596800	1410.0
197683200	2000.0
197769600	2000.0
197856000	2000.0
197942400	2000.0
198028800	1590.0
198115200	1460.0
198201600	1370.0
198288000	1170.0
198374400	1020.0
198460800	1060.0
198547200	1210.0
198633600	1060.0
198720000	918.0
198806400	814.0
198892800	733.0
198979200	668.0
199065600	614.0
199152000	565.0
199238400	525.0
199324800	487.0
199411200	455.0
199497600	428.0
199584000	408.0
199670400	391.0
199756800	377.0
199843200	377.0
199929600	367.0
200016000	354.0
200102400	345.0
200188800	334.0
200275200	323.0
200361600	319.0
200448000	310.0
200534400	301.0
200620800	292.0
200707200	287.0
200793600	282.0
200880000	283.0
200966400	280.0
201052800	279.0
201139200	281.0
201225600	280.0
201312000	272.0
201398400	273.0
201484800	273.0
201571200	273.0
201657600	272.0
201744000	270.0
201830400	270.0
201916800	276.0
202003200	272.0
202089600	266.0
202176000	258.0
202262400	252.0
202348800	249.0
202435200	244.0
202521600	230.0
202608000	203.0
202694400	178.0
202780800	163.0
202867200	153.0
202953600	145.0
203040000	137.0
203126400	131.0
203212800	127.0
203299200	121.0
203385600	116.0
203472000	110.0
203558400	106.0
203644800	104.0
203731200	103.0
203817600	100.0
203904000	97.8
203990400	97.6
204076800	98.4
204163200	94.2
204249600	86.6
204336000	79.0
204422400	75.9
204508800	73.2
204595200	80.1
204681600	82.8
204768000	74.8
204854400	74.8
204940800	102.0
205027200	99.7
205113600	107.0
205200000	112.0
205286400	110.0
205372800	110.0
205459200	107.0
205545600	104.0
205632000	105.0
205718400	105.0
205804800	103.0
205891200	102.0
205977600	107.0
206064000	115.0
206150400	117.0
206236800	114.0
206323200	116.0
206409600	115.0
206496000	115.0
206582400	101.0
206668800	90.4
206755200	83.9
206841600	84.7
206928000	97.3
207014400	103.0
207100800	102.0
207187200	104.0
207273600	103.0
207360000	105.0
207446400	114.0
207532800	118.0
207619200	118.0
207705600	111.0
207792000	107.0
207878400	101.0
207964800	97.1
208051200	89.2
208137600	90.3
208224000	93.0
208310400	101.0
208396800	97.0
208483200	90.7
208569600	97.0
208656000	99.0
208742400	104.0
208828800	105.0
208915200	110.0
209001600	118.0
209088000	117.0
209174400	120.0
209260800	122.0
209347200	121.0
209433600	123.0
209520000	121.0
209606400	123.0
209692800	128.0
209779200	110.0
209865600	89.1
209952000	111.0
210038400	123.0
210124800	129.0
210211200	128.0
210297600	125.0
210384000	111.0
210470400	101.0
210556800	98.4
210643200	104.0
210729600	101.0
210816000	100.0
210902400	96.7
210988800	94.0
211075200	92.2
211161600	94.5
211248000	95.7
211334400	93.7
211420800	97.3
211507200	97.5
211593600	97.3
211680000	97.0
211766400	99.7
211852800	104.0
211939200	106.0
212025600	104.0
212112000	100.0
212198400	96.1
212284800	98.6
212371200	97.4
212457600	96.7
212544000	94.3
212630400	94.3
212716800	94.4
212803200	96.5
212889600	99.6
212976000	102.0
213062400	118.0
213148800	118.0
213235200	118.0
213321600	121.0
213408000	114.0
213494400	106.0
213580800	102.0
213667200	100.0
213753600	99.3
213840000	97.8
213926400	99.9
214012800	100.0
214099200	100.0
214185600	99.7
214272000	97.7
214358400	97.2
214444800	98.5
214531200	98.7
214617600	98.8
214704000	98.9
214790400	100.0
214876800	99.9
214963200	99.5
215049600	97.0
215136000	93.6
215222400	88.6
215308800	88.8
215395200	87.0
215481600	85.5
215568000	84.2
215654400	84.9
215740800	83.0
215827200	82.7
215913600	80.9
216000000	80.0
216086400	77.6
216172800	75.7
216259200	74.0
216345600	79.4
216432000	84.0
216518400	87.0
216604800	86.6
216691200	85.8
216777600	86.5
216864000	88.6
216950400	89.1
217036800	91.4
217123200	92.7
217209600	93.9
217296000	94.3
217382400	99.9
217468800	106.0
217555200	131.0
217641600	227.0
217728000	201.0
217814400	151.0
217900800	134.0
217987200	132.0
218073600	454.0
218160000	860.0
218246400	469.0
218332800	422.0
218419200	364.0
218505600	283.0
218592000	243.0
218678400	223.0
218764800	208.0
218851200	190.0
218937600	177.0
219024000	168.0
219110400	160.0
219196800	155.0
219283200	151.0
219369600	148.0
219456000	151.0
219542400	311.0
219628800	2000.0
219715200	1140.0
219801600	673.0
219888000	627.0
219974400	523.0
220060800	499.0
220147200	447.0
220233600	396.0
220320000	1030.0
220406400	1280.0
220492800	755.0
220579200	568.0
220665600	466.0
220752000	404.0
220838400	363.0
220924800	334.0
221011200	332.0
221097600	326.0
221184000	313.0
221270400	310.0
221356800	2000.0
221443200	2000.0
221529600	2000.0
221616000	2000.0
221702400	2000.0
221788800	2000.0
221875200	2000.0
221961600	1850.0
222048000	1420.0
222134400	1200.0
222220800	2000.0
222307200	2000.0
222393600	2000.0
222480000	2000.0
222566400	2000.0
222652800	2000.0
222739200	2000.0
222825600	2000.0
222912000	2000.0
222998400	2000.0
223084800	2000.0
223171200	1930.0
223257600	1710.0
223344000	1500.0
223430400	1280.0
223516800	1140.0
223603200	1050.0
223689600	2000.0
223776000	2000.0
223862400	2000.0
223948800	2000.0
224035200	2000.0
224121600	2000.0
224208000	2000.0
224294400	2000.0
224380800	2000.0
224467200	2000.0
224553600	2000.0
224640000	2000.0
224726400	2000.0
224812800	2000.0
224899200	2000.0
224985600	2000.0
225072000	2000.0
225158400	2000.0
225244800	2000.0
225331200	2000.0
225417600	2000.0
225504000	2000.0
225590400	2000.0
225676800	2000.0
225763200	2000.0
225849600	2000.0
225936000	2000.0
226022400	2000.0
226108800	2000.0
226195200	2000.0
226281600	2000.0
226368000	2000.0
226454400	2000.0
226540800	2000.0
226627200	2000.0
226713600	2000.0
226800000	2000.0
226886400	2000.0
226972800	2000.0
227059200	2000.0
227145600	2000.0
227232000	2000.0
227318400	2000.0
227404800	2000.0
227491200	2000.0
227577600	2000.0
227664000	2000.0
227750400	2000.0
227836800	2000.0
227923200	2000.0
228009600	2000.0
228096000	2000.0
228182400	2000.0
228268800	2000.0
228355200	2000.0
228441600	2000.0
228528000	2000.0
228614400	2000.0
228700800	2000.0
228787200	2000.0
228873600	2000.0
228960000	2000.0
229046400	2000.0
229132800	2000.0
229219200	2000.0
229305600	2000.0
229392000	2000.0
229478400	2000.0
229564800	1890.0
229651200	1680.0
229737600	1520.0
229824000	1380.0
229910400	1270.0
229996800	1240.0
230083200	1170.0
230169600	1060.0
230256000	1000.0
230342400	944.0
230428800	889.0
230515200	837.0
230601600	793.0
230688000	749.0
230774400	705.0
230860800	662.0
230947200	622.0
231033600	599.0
231120000	575.0
231206400	553.0
231292800	530.0
231379200	501.0
231465600	476.0
231552000	454.0
231638400	434.0
231724800	416.0
231811200	399.0
231897600	385.0
231984000	371.0
232070400	358.0
232156800	340.0
232243200	323.0
232329600	305.0
232416000	295.0
232502400	348.0
232588800	1470.0
232675200	1960.0
232761600	1770.0
232848000	2000.0
232934400	2000.0
233020800	2000.0
233107200	2000.0
233193600	2000.0
233280000	1590.0
233366400	1320.0
233452800	1140.0
233539200	1020.0
233625600	917.0
233712000	833.0
233798400	766.0
233884800	720.0
233971200	689.0
234057600	652.0
234144000	627.0
234230400	599.0
234316800	563.0
234403200	531.0
234489600	504.0
234576000	491.0
234662400	472.0
234748800	452.0
234835200	430.0
234921600	409.0
235008000	393.0
235094400	381.0
235180800	368.0
235267200	360.0
235353600	350.0
235440000	335.0
235526400	319.0
235612800	309.0
235699200	299.0
235785600	279.0
235872000	255.0
235958400	233.0
236044800	198.0
236131200	222.0
236217600	226.0
236304000	226.0
236390400	222.0
236476800	218.0
236563200	218.0
236649600	214.0
236736000	210.0
236822400	214.0
236908800	214.0
236995200	211.0
237081600	204.0
237168000	200.0
237254400	193.0
237340800	181.0
237427200	166.0
237513600	137.0
237600000	151.0
237686400	155.0
237772800	152.0
237859200	147.0
237945600	127.0
238032000	131.0
238118400	131.0
238204800	135.0
238291200	139.0
238377600	131.0
238464000	117.0
238550400	105.0
238636800	103.0
238723200	113.0
238809600	123.0
238896000	124.0
238982400	123.0
239068800	123.0
239155200	117.0
239241600	110.0
239328000	107.0
239414400	102.0
239500800	100.0
239587200	114.0
239673600	124.0
239760000	124.0
239846400	113.0
239932800	114.0
240019200	124.0
240105600	134.0
240192000	144.0
240278400	147.0
240364800	139.0
240451200	124.0
240537600	113.0
240624000	120.0
240710400	136.0
240796800	158.0
240883200	167.0
240969600	169.0
241056000	163.0
241142400	150.0
241228800	155.0
241315200	157.0
241401600	159.0
241488000	147.0
241574400	142.0
241660800	136.0
241747200	125.0
241833600	133.0
241920000	132.0
242006400	138.0
242092800	160.0
242179200	154.0
242265600	150.0
242352000	151.0
242438400	147.0
242524800	149.0
242611200	144.0
242697600	141.0
242784000	141.0
242870400	140.0
242956800	133.0
243043200	132.0
243129600	130.0
243216000	136.0
243302400	137.0
243388800	140.0
243475200	143.0
243561600	142.0
243648000	136.0
243734400	139.0
243820800	142.0
243907200	138.0
243993600	134.0
244080000	133.0
244166400	139.0
244252800	143.0
244339200	144.0
244425600	149.0
244512000	150.0
244598400	150.0
244684800	145.0
244771200	147.0
244857600	148.0
244944000	150.0
245030400	151.0
245116800	150.0
245203200	145.0
245289600	143.0
245376000	142.0
245462400	156.0
245548800	169.0
245635200	176.0
245721600	165.0
245808000	151.0
245894400	154.0
245980800	153.0
246067200	153.0
246153600	156.0
246240000	156.0
246326400	154.0
246412800	159.0
246499200	161.0
246585600	160.0
246672000	160.0
246758400	157.0
246844800	164.0
246931200	169.0
247017600	172.0
247104000	173.0
247190400	174.0
247276800	175.0
247363200	173.0
247449600	171.0
247536000	172.0
247622400	172.0
247708800	172.0
247795200	172.0
247881600	170.0
247968000	174.0
248054400	176.0
248140800	170.0
248227200	171.0
248313600	172.0
248400000	175.0
248486400	177.0
248572800	180.0
248659200	183.0
248745600	185.0
248832000	173.0
248918400	168.0
249004800	164.0
249091200	167.0
249177600	172.0
249264000	172.0
249350400	179.0
249436800	196.0
249523200	208.0
249609600	203.0
249696000	202.0
249782400	303.0
249868800	812.0
249955200	591.0
250041600	384.0
250128000	313.0
250214400	311.0
250300800	2000.0
250387200	2000.0
250473600	1650.0
250560000	974.0
250646400	786.0
250732800	945.0
250819200	891.0
250905600	856.0
250992000	874.0
251078400	748.0
251164800	618.0
251251200	637.0
251337600	1140.0
251424000	978.0
251510400	863.0
251596800	911.0
251683200	1240.0
251769600	976.0
251856000	877.0
251942400	784.0
252028800	681.0
252115200	601.0
252201600	652.0
252288000	1380.0
252374400	976.0
252460800	785.0
252547200	680.0
252633600	609.0
252720000	567.0
252806400	531.0
252892800	489.0
252979200	455.0
253065600	443.0
253152000	457.0
253238400	504.0
253324800	532.0
253411200	499.0
253497600	488.0
253584000	525.0
253670400	688.0
253756800	1670.0
253843200	2000.0
253929600	2000.0
254016000	1540.0
254102400	1220.0
254188800	1160.0
254275200	1640.0
254361600	1350.0
254448000	1100.0
254534400	962.0
254620800	1780.0
254707200	2000.0
254793600	1880.0
254880000	1650.0
254966400	1390.0
255052800	1180.0
255139200	1020.0
255225600	895.0
255312000	790.0
255398400	713.0
255484800	680.0
255571200	642.0
255657600	606.0
255744000	567.0
255830400	532.0
255916800	502.0
256003200	480.0
256089600	462.0
256176000	444.0
256262400	433.0
256348800	419.0
256435200	407.0
256521600	394.0
256608000	384.0
256694400	374.0
256780800	366.0
256867200	357.0
256953600	352.0
257040000	347.0
257126400	340.0
257212800	334.0
257299200	328.0
257385600	320.0
257472000	317.0
257558400	314.0
257644800	308.0
257731200	303.0
257817600	298.0
257904000	307.0
257990400	302.0
258076800	299.0
258163200	300.0
258249600	297.0
258336000	294.0
258422400	290.0
258508800	287.0
258595200	280.0
258681600	276.0
258768000	275.0
258854400	283.0
258940800	297.0
259027200	300.0
259113600	290.0
259200000	291.0
259286400	291.0
259372800	279.0
259459200	268.0
259545600	267.0
259632000	276.0
259718400	286.0
259804800	281.0
259891200	260.0
259977600	252.0
260064000	264.0
260150400	270.0
260236800	270.0
260323200	268.0
260409600	266.0
260496000	247.0
260582400	244.0
260668800	280.0
260755200	491.0
260841600	453.0
260928000	358.0
261014400	312.0
261100800	285.0
261187200	263.0
261273600	244.0
261360000	234.0
261446400	225.0
261532800	211.0
261619200	203.0
261705600	196.0
261792000	192.0
261878400	190.0
261964800	191.0
262051200	188.0
262137600	183.0
262224000	178.0
262310400	170.0
262396800	165.0
262483200	159.0
262569600	153.0
262656000	150.0
262742400	148.0
262828800	144.0
262915200	141.0
263001600	138.0
263088000	137.0
263174400	137.0
263260800	132.0
263347200	129.0
263433600	126.0
263520000	123.0
263606400	122.0
263692800	122.0
263779200	129.0
263865600	140.0
263952000	158.0
264038400	155.0
264124800	149.0
264211200	140.0
264297600	145.0
264384000	189.0
264470400	287.0
264556800	236.0
264643200	200.0
264729600	182.0
264816000	167.0
264902400	156.0
264988800	147.0
265075200	139.0
265161600	133.0
265248000	126.0
265334400	123.0
265420800	122.0
265507200	122.0
265593600	120.0
265680000	117.0
265766400	114.0
265852800	108.0
265939200	105.0
266025600	103.0
266112000	104.0
266198400	103.0
266284800	100.0
266371200	96.8
266457600	93.6
266544000	91.4
266630400	90.5
266716800	89.8
266803200	87.7
266889600	84.3
266976000	81.7
267062400	78.4
267148800	78.0
267235200	81.8
267321600	82.6
267408000	81.3
267494400	77.9
267580800	77.1
267667200	75.2
267753600	74.5
267840000	77.1
267926400	78.2
268012800	80.2
268099200	79.8
268185600	78.6
268272000	80.8
268358400	85.0
268444800	91.8
268531200	98.4
268617600	104.0
268704000	104.0
268790400	102.0
268876800	99.2
268963200	91.2
269049600	85.1
269136000	83.1
269222400	81.9
269308800	83.6
269395200	84.8
269481600	88.3
269568000	89.8
269654400	89.0
269740800	89.5
269827200	90.4
269913600	89.3
270000000	88.5
270086400	88.0
270172800	87.1
270259200	86.8
270345600	88.2
270432000	89.6
270518400	87.6
270604800	87.2
270691200	87.5
270777600	84.2
270864000	80.9
270950400	76.4
271036800	74.3
271123200	73.5
271209600	72.8
271296000	74.4
271382400	73.3
271468800	72.5
271555200	71.8
271641600	72.8
271728000	71.4
271814400	71.9
271900800	72.1
271987200	70.1
272073600	66.7
272160000	69.1
272246400	75.6
272332800	76.8
272419200	78.5
272505600	77.6
272592000	77.9
272678400	82.1
272764800	88.0
272851200	91.5
272937600	93.0
273024000	89.6
273110400	85.6
273196800	84.9
273283200	84.3
273369600	85.1
273456000	87.2
273542400	86.3
273628800	85.9
273715200	86.3
273801600	86.5
273888000	79.1
273974400	74.4
274060800	71.1
274147200	71.8
274233600	76.7
274320000	80.5
274406400	84.6
274492800	86.2
274579200	86.1
274665600	87.3
274752000	87.6
274838400	87.8
274924800	85.4
275011200	80.9
275097600	78.9
275184000	78.9
275270400	80.2
275356800	81.3
275443200	80.7
275529600	79.7
275616000	80.6
275702400	78.8
275788800	79.2
275875200	79.6
275961600	81.3
276048000	83.7
276134400	82.5
276220800	83.5
276307200	80.7
276393600	78.9
276480000	80.1
276566400	80.2
276652800	80.3
276739200	77.8
276825600	79.3
276912000	82.1
276998400	83.0
277084800	84.4
277171200	87.6
277257600	84.6
277344000	81.6
277430400	79.1
277516800	78.9
277603200	80.1
277689600	80.1
277776000	77.3
277862400	71.2
277948800	70.0
278035200	72.0
278121600	74.2
278208000	77.9
278294400	75.7
278380800	74.5
278467200	76.3
278553600	78.9
278640000	76.1
278726400	73.6
278812800	76.9
278899200	77.9
278985600	76.5
279072000	77.8
279158400	77.8
279244800	77.9
279331200	79.6
279417600	83.5
279504000	86.4
279590400	88.1
279676800	89.8
279763200	91.7
279849600	93.8
279936000	98.0
280022400	97.9
280108800	98.9
280195200	105.0
280281600	108.0
280368000	114.0
280454400	116.0
280540800	112.0
280627200	109.0
280713600	107.0
280800000	106.0
280886400	106.0
280972800	104.0
281059200	105.0
281145600	106.0
281232000	106.0
281318400	108.0
281404800	111.0
281491200	113.0
281577600	112.0
281664000	109.0
281750400	109.0
281836800	109.0
281923200	109.0
282009600	109.0
282096000	109.0
282182400	110.0
282268800	113.0
282355200	123.0
282441600	132.0
282528000	140.0
282614400	142.0
282700800	140.0
282787200	160.0
282873600	170.0
282960000	164.0
283046400	145.0
283132800	134.0
283219200	127.0
283305600	121.0
283392000	117.0
283478400	123.0
283564800	150.0
283651200	183.0
283737600	189.0
283824000	174.0
283910400	159.0
283996800	150.0
284083200	144.0
284169600	145.0
284256000	145.0
284342400	220.0
284428800	365.0
284515200	382.0
284601600	303.0
284688000	284.0
284774400	282.0
284860800	315.0
284947200	268.0
285033600	240.0
285120000	223.0
285206400	238.0
285292800	343.0
285379200	294.0
285465600	253.0
285552000	232.0
285638400	218.0
285724800	211.0
285811200	207.0
285897600	206.0
285984000	201.0
286070400	200.0
286156800	200.0
286243200	204.0
286329600	610.0
286416000	1220.0
286502400	1410.0
286588800	969.0
286675200	664.0
286761600	537.0
286848000	1180.0
286934400	1360.0
287020800	927.0
287107200	738.0
287193600	582.0
287280000	480.0
287366400	410.0
287452800	362.0
287539200	344.0
287625600	330.0
287712000	335.0
287798400	383.0
287884800	385.0
287971200	408.0
288057600	454.0
288144000	484.0
288230400	420.0
288316800	374.0
288403200	360.0
288489600	401.0
288576000	429.0
288662400	381.0
288748800	342.0
288835200	308.0
288921600	282.0
289008000	259.0
289094400	240.0
289180800	225.0
289267200	211.0
289353600	199.0
289440000	189.0
289526400	178.0
289612800	183.0
289699200	193.0
289785600	205.0
289872000	217.0
289958400	303.0
290044800	585.0
290131200	608.0
290217600	485.0
290304000	411.0
290390400	514.0
290476800	552.0
290563200	457.0
290649600	433.0
290736000	566.0
290822400	521.0
290908800	440.0
290995200	391.0
291081600	353.0
291168000	321.0
291254400	297.0
291340800	272.0
291427200	250.0
291513600	231.0
291600000	215.0
291686400	201.0
291772800	191.0
291859200	182.0
291945600	173.0
292032000	164.0
292118400	159.0
292204800	155.0
292291200	148.0
292377600	139.0
292464000	134.0
292550400	127.0
292636800	122.0
292723200	116.0
292809600	113.0
292896000	111.0
292982400	107.0
293068800	102.0
293155200	97.4
293241600	90.9
293328000	87.0
293414400	83.2
293500800	80.9
293587200	78.1
293673600	76.3
293760000	74.5
293846400	73.0
293932800	73.7
294019200	75.1
294105600	72.8
294192000	69.6
294278400	65.4
294364800	61.5
294451200	60.0
294537600	57.1
294624000	54.6
294710400	51.2
294796800	49.0
294883200	46.5
294969600	44.8
295056000	42.4
295142400	41.2
295228800	39.7
295315200	38.3
295401600	37.2
295488000	35.6
295574400	33.6
295660800	32.3
295747200	30.7
295833600	30.1
295920000	29.9
296006400	29.0
296092800	29.0
296179200	29.2
296265600	29.2
296352000	29.1
296438400	29.2
296524800	27.7
296611200	26.2
296697600	24.7
296784000	24.0
296870400	23.2
296956800	22.6
297043200	22.9
297129600	24.2
297216000	29.3
297302400	33.1
297388800	34.1
297475200	34.9
297561600	34.6
297648000	35.2
297734400	35.0
297820800	36.2
297907200	36.6
297993600	34.6
298080000	35.0
298166400	36.8
298252800	37.4
298339200	35.6
298425600	33.7
298512000	32.6
298598400	29.8
298684800	26.9
298771200	25.1
298857600	25.2
298944000	25.2
299030400	26.2
299116800	28.5
299203200	29.9
299289600	29.7
299376000	29.5
299462400	30.8
299548800	29.7
299635200	30.3
299721600	30.4
299808000	29.8
299894400	29.1
299980800	29.0
300067200	29.9
300153600	29.8
300240000	29.9
300326400	29.6
300412800	27.4
300499200	24.1
300585600	22.9
300672000	23.8
300758400	24.1
300844800	24.5
300931200	24.8
301017600	24.4
301104000	22.9
301190400	22.2
301276800	23.4
301363200	22.8
301449600	23.8
301536000	24.5
301622400	24.4
301708800	22.5
301795200	20.3
301881600	20.4
301968000	21.4
302054400	20.6
302140800	21.3
302227200	22.7
302313600	22.7
302400000	23.3
302486400	27.4
302572800	28.8
302659200	29.3
302745600	28.3
302832000	31.5
302918400	32.8
303004800	34.9
303091200	37.6
303177600	39.5
303264000	40.7
303350400	41.5
303436800	41.7
303523200	41.1
303609600	40.7
303696000	41.2
303782400	39.0
303868800	37.6
303955200	36.5
304041600	36.9
304128000	37.7
304214400	39.0
304300800	40.5
304387200	40.9
304473600	40.1
304560000	38.2
304646400	35.7
304732800	32.0
304819200	29.8
304905600	28.9
304992000	28.2
305078400	28.1
305164800	28.5
305251200	28.6
305337600	28.3
305424000	27.6
305510400	27.4
305596800	26.9
305683200	25.9
305769600	24.4
305856000	25.1
305942400	25.3
306028800	25.0
306115200	25.8
306201600	27.0
306288000	28.5
306374400	30.5
306460800	31.3
306547200	32.4
306633600	34.1
306720000	32.3
306806400	31.5
306892800	31.3
306979200	29.8
307065600	29.3
307152000	28.9
307238400	28.5
307324800	29.5
307411200	30.1
307497600	29.7
307584000	28.7
307670400	28.0
307756800	28.1
307843200	27.6
307929600	28.1
308016000	27.8
308102400	28.8
308188800	30.1
308275200	30.4
308361600	31.0
308448000	32.4
308534400	32.7
308620800	32.9
308707200	33.4
308793600	34.1
308880000	34.1
308966400	34.2
309052800	35.0
309139200	35.9
309225600	36.7
309312000	42.4
309398400	43.5
309484800	50.4
309571200	68.0
309657600	2000.0
309744000	2000.0
309830400	2000.0
309916800	1600.0
310003200	1160.0
310089600	916.0
310176000	748.0
310262400	633.0
310348800	558.0
310435200	594.0
310521600	583.0
310608000	559.0
310694400	552.0
310780800	521.0
310867200	483.0
310953600	447.0
311040000	1070.0
311126400	1400.0
311212800	1070.0
311299200	822.0
311385600	685.0
311472000	594.0
311558400	531.0
311644800	482.0
311731200	434.0
311817600	387.0
311904000	336.0
311990400	306.0
312076800	280.0
312163200	261.0
312249600	245.0
312336000	227.0
312422400	213.0
312508800	202.0
312595200	192.0
312681600	182.0
312768000	172.0
312854400	162.0
312940800	153.0
313027200	142.0
313113600	133.0
313200000	127.0
313286400	120.0
313372800	112.0
313459200	109.0
313545600	106.0
313632000	101.0
313718400	94.2
313804800	88.8
313891200	150.0
313977600	1100.0
314064000	2000.0
314150400	2000.0
314236800	2000.0
314323200	2000.0
314409600	2000.0
314496000	1450.0
314582400	1180.0
314668800	1000.0
314755200	1180.0
314841600	2000.0
314928000	2000.0
315014400	2000.0
315100800	2000.0
315187200	2000.0
315273600	2000.0
315360000	2000.0
315446400	2000.0
315532800	2000.0
